# 3ds Max Wavefront OBJ Exporter v0.97b - (c)2007 guruware
# File Created: 25.03.2021 17:16:00

mtllib Big Round Table.mtl

#
# object Big_Round_Table
#

v  12.8326 17.7165 5.0380
v  11.5675 17.7165 7.6650
v  9.5788 17.7165 10.1587
v  7.2992 17.7165 11.9766
v  4.4255 17.7165 13.3605
v  1.5828 17.7165 14.0094
v  -1.6067 17.7165 14.0094
v  -4.4494 17.7165 13.3606
v  -7.3231 17.7165 11.9766
v  -9.6028 17.7165 10.1587
v  -11.5914 17.7165 7.6650
v  -12.8565 17.7165 5.0380
v  -13.5663 17.7165 1.9284
v  -13.5663 17.7165 -0.9874
v  -12.8565 17.7165 -4.0970
v  -11.5914 17.7165 -6.7240
v  -9.6027 17.7165 -9.2177
v  -7.3231 17.7165 -11.0357
v  -4.4494 17.7165 -12.4196
v  -1.6067 17.7165 -13.0684
v  1.5828 17.7165 -13.0684
v  4.4255 17.7165 -12.4196
v  7.2992 17.7165 -11.0357
v  9.5788 17.7165 -9.2177
v  11.5675 17.7165 -6.7240
v  12.8326 17.7165 -4.0970
v  13.5424 17.7165 -0.9874
v  13.5424 17.7165 1.9284
v  14.7487 18.8976 9.6639
v  16.3789 18.8976 6.2789
v  17.2758 18.8976 2.3490
v  17.2758 18.8976 -1.4081
v  16.3789 18.8976 -5.3379
v  14.7487 18.8976 -8.7229
v  12.2355 18.8976 -11.8744
v  9.2981 18.8976 -14.2169
v  5.6664 18.8976 -15.9658
v  2.0035 18.8976 -16.8019
v  -2.0274 18.8976 -16.8019
v  -5.6903 18.8976 -15.9658
v  -9.3220 18.8976 -14.2169
v  -12.2594 18.8976 -11.8744
v  -14.7726 18.8976 -8.7229
v  -16.4028 18.8976 -5.3379
v  -17.2997 18.8976 -1.4081
v  -17.2997 18.8976 2.3490
v  -16.4028 18.8976 6.2789
v  -14.7726 18.8976 9.6639
v  -12.2594 18.8976 12.8154
v  -9.3220 18.8976 15.1579
v  -5.6903 18.8976 16.9068
v  -2.0274 18.8976 17.7428
v  2.0035 18.8976 17.7428
v  5.6664 18.8976 16.9068
v  9.2981 18.8976 15.1579
v  12.2355 18.8976 12.8154
v  14.3841 17.7904 -4.6399
v  15.1757 17.7904 -1.1714
v  10.7411 17.7904 -10.3800
v  12.9593 17.7904 -7.5985
v  4.9684 17.7904 -13.9711
v  8.1737 17.7904 -12.4275
v  -1.7908 17.7904 -14.7018
v  1.7669 17.7904 -14.7018
v  -8.1976 17.7904 -12.4275
v  -4.9923 17.7904 -13.9711
v  -12.9832 17.7904 -7.5985
v  -10.7650 17.7904 -10.3800
v  -15.1997 17.7904 -1.1714
v  -14.4080 17.7904 -4.6399
v  -14.4080 17.7904 5.5809
v  -15.1997 17.7904 2.1124
v  -10.7650 17.7904 11.3210
v  -12.9832 17.7904 8.5395
v  -4.9923 17.7904 14.9120
v  -8.1976 17.7904 13.3684
v  1.7669 17.7904 15.6428
v  -1.7908 17.7904 15.6428
v  8.1737 17.7904 13.3684
v  4.9684 17.7904 14.9120
v  12.9593 17.7904 8.5395
v  10.7411 17.7904 11.3210
v  15.1757 17.7904 2.1124
v  14.3841 17.7904 5.5809
v  17.0425 18.3809 2.3227
v  17.0425 18.3809 -1.3818
v  16.1572 18.3809 -5.2603
v  14.5499 18.3809 -8.5980
v  12.0695 18.3809 -11.7083
v  9.1732 18.3809 -14.0181
v  5.5888 18.3809 -15.7442
v  1.9772 18.3809 -16.5685
v  -2.0011 18.3809 -16.5685
v  -5.6127 18.3809 -15.7442
v  -9.1971 18.3809 -14.0181
v  -12.0934 18.3809 -11.7083
v  -14.5738 18.3809 -8.5980
v  -16.1811 18.3809 -5.2603
v  -17.0664 18.3809 -1.3818
v  -17.0664 18.3809 2.3227
v  -16.1811 18.3809 6.2013
v  -14.5738 18.3809 9.5389
v  -12.0934 18.3809 12.6493
v  -9.1971 18.3809 14.9590
v  -5.6127 18.3809 16.6852
v  -2.0011 18.3809 17.5095
v  1.9772 18.3809 17.5095
v  5.5888 18.3809 16.6852
v  9.1732 18.3809 14.9590
v  12.0695 18.3809 12.6493
v  14.5499 18.3809 9.5389
v  16.1572 18.3809 6.2013
v  15.4923 18.0118 -5.0277
v  16.3424 18.0118 -1.3029
v  11.5713 18.0118 -11.2102
v  13.9534 18.0118 -8.2232
v  5.3562 18.0118 -15.0793
v  8.7984 18.0118 -13.4216
v  -1.9222 18.0118 -15.8685
v  1.8983 18.0118 -15.8685
v  -8.8223 18.0118 -13.4216
v  -5.3801 18.0118 -15.0793
v  -13.9773 18.0118 -8.2232
v  -11.5952 18.0118 -11.2102
v  -16.3664 18.0118 -1.3029
v  -15.5162 18.0118 -5.0277
v  -15.5162 18.0118 5.9686
v  -16.3664 18.0118 2.2439
v  -11.5952 18.0118 12.1512
v  -13.9773 18.0118 9.1641
v  -5.3801 18.0118 16.0202
v  -8.8223 18.0118 14.3626
v  1.8983 18.0118 16.8095
v  -1.9222 18.0118 16.8095
v  8.7984 18.0118 14.3626
v  5.3562 18.0118 16.0202
v  13.9534 18.0118 9.1641
v  11.5713 18.0118 12.1512
v  16.3424 18.0118 2.2439
v  15.4923 18.0118 5.9686
v  -14.0648 -0.4268 0.2791
v  -14.1261 -0.4268 0.0104
v  -10.8646 18.0702 0.0104
v  -10.8033 18.0702 0.2791
v  -14.2979 -0.4268 -0.2050
v  -11.0364 18.0702 -0.2050
v  -14.5461 -0.4268 -0.3245
v  -11.2846 18.0702 -0.3245
v  -14.8216 -0.4268 -0.3245
v  -11.5601 18.0702 -0.3245
v  -15.0699 -0.4268 -0.2050
v  -11.8084 18.0702 -0.2050
v  -15.2417 -0.4268 0.0104
v  -11.9802 18.0702 0.0104
v  -15.3030 -0.4268 0.2791
v  -12.0415 18.0702 0.2791
v  -15.2417 -0.4268 0.5477
v  -11.9802 18.0702 0.5477
v  -15.0699 -0.4268 0.7631
v  -11.8084 18.0702 0.7631
v  -14.8216 -0.4268 0.8826
v  -11.5601 18.0702 0.8826
v  -14.5461 -0.4268 0.8826
v  -11.2846 18.0702 0.8826
v  -14.2979 -0.4268 0.7631
v  -11.0364 18.0702 0.7631
v  -14.1261 -0.4268 0.5477
v  -10.8646 18.0702 0.5477
v  14.0147 -0.4268 0.2791
v  10.7532 18.0702 0.2791
v  10.8145 18.0702 0.0104
v  14.0760 -0.4268 0.0104
v  10.9863 18.0702 -0.2050
v  14.2478 -0.4268 -0.2050
v  11.2346 18.0702 -0.3245
v  14.4961 -0.4268 -0.3245
v  11.5101 18.0702 -0.3245
v  14.7716 -0.4268 -0.3245
v  11.7583 18.0702 -0.2050
v  15.0198 -0.4268 -0.2050
v  11.9301 18.0702 0.0104
v  15.1916 -0.4268 0.0104
v  11.9914 18.0702 0.2791
v  15.2529 -0.4268 0.2791
v  11.9301 18.0702 0.5477
v  15.1916 -0.4268 0.5477
v  11.7583 18.0702 0.7631
v  15.0198 -0.4268 0.7631
v  11.5101 18.0702 0.8826
v  14.7716 -0.4268 0.8826
v  11.2346 18.0702 0.8826
v  14.4961 -0.4268 0.8826
v  10.9863 18.0702 0.7631
v  14.2478 -0.4268 0.7631
v  10.8145 18.0702 0.5477
v  14.0760 -0.4268 0.5477
v  -0.0250 -0.4268 14.3571
v  -0.2937 -0.4268 14.4184
v  -0.2937 18.0702 11.1569
v  -0.0250 18.0702 11.0956
v  -0.5091 -0.4268 14.5902
v  -0.5091 18.0702 11.3287
v  -0.6286 -0.4268 14.8384
v  -0.6286 18.0702 11.5769
v  -0.6286 -0.4268 15.1140
v  -0.6286 18.0702 11.8525
v  -0.5091 -0.4268 15.3622
v  -0.5091 18.0702 12.1007
v  -0.2937 -0.4268 15.5340
v  -0.2937 18.0702 12.2725
v  -0.0250 -0.4268 15.5953
v  -0.0250 18.0702 12.3338
v  0.2436 -0.4268 15.5340
v  0.2436 18.0702 12.2725
v  0.4590 -0.4268 15.3622
v  0.4590 18.0702 12.1007
v  0.5786 -0.4268 15.1140
v  0.5786 18.0702 11.8525
v  0.5786 -0.4268 14.8384
v  0.5786 18.0702 11.5769
v  0.4590 -0.4268 14.5902
v  0.4590 18.0702 11.3287
v  0.2436 -0.4268 14.4184
v  0.2436 18.0702 11.1569
v  -0.0250 -0.4268 -13.7224
v  -0.0250 18.0702 -10.4609
v  -0.2937 18.0702 -10.5222
v  -0.2937 -0.4268 -13.7837
v  -0.5091 18.0702 -10.6940
v  -0.5091 -0.4268 -13.9555
v  -0.6286 18.0702 -10.9422
v  -0.6286 -0.4268 -14.2037
v  -0.6286 18.0702 -11.2178
v  -0.6286 -0.4268 -14.4793
v  -0.5091 18.0702 -11.4660
v  -0.5091 -0.4268 -14.7275
v  -0.2937 18.0702 -11.6378
v  -0.2937 -0.4268 -14.8993
v  -0.0250 18.0702 -11.6991
v  -0.0250 -0.4268 -14.9606
v  0.2436 18.0702 -11.6378
v  0.2436 -0.4268 -14.8993
v  0.4590 18.0702 -11.4660
v  0.4590 -0.4268 -14.7275
v  0.5786 18.0702 -11.2178
v  0.5786 -0.4268 -14.4793
v  0.5786 18.0702 -10.9422
v  0.5786 -0.4268 -14.2037
v  0.4590 18.0702 -10.6940
v  0.4590 -0.4268 -13.9555
v  0.2436 18.0702 -10.5222
v  0.2436 -0.4268 -13.7837
v  2.0589 21.3360 -1.5313
v  1.7809 21.3360 -2.7494
v  1.3174 27.0399 -2.5262
v  1.5445 27.0399 -1.5313
v  1.0019 21.3360 -3.7262
v  0.6812 27.0399 -3.3240
v  -0.1238 21.3360 -4.2683
v  -0.2383 27.0399 -3.7668
v  -1.3732 21.3360 -4.2683
v  -1.2587 27.0399 -3.7668
v  -2.4989 21.3360 -3.7262
v  -2.1782 27.0399 -3.3240
v  -3.2779 21.3360 -2.7494
v  -2.8144 27.0399 -2.5262
v  -3.5559 21.3360 -1.5313
v  -3.0415 27.0399 -1.5313
v  -3.2779 21.3360 -0.3132
v  -2.8144 27.0399 -0.5364
v  -2.4989 21.3360 0.6637
v  -2.1782 27.0399 0.2615
v  -1.3732 21.3360 1.2058
v  -1.2587 27.0399 0.7042
v  -0.1238 21.3360 1.2058
v  -0.2383 27.0399 0.7042
v  1.0019 21.3360 0.6637
v  0.6812 27.0399 0.2615
v  1.7809 21.3360 -0.3132
v  1.3174 27.0399 -0.5364
v  0.6615 19.1498 -0.8522
v  0.8165 19.1498 -1.5313
v  0.6615 19.1498 -2.2103
v  0.2273 19.1498 -2.7548
v  -0.4003 19.1498 -3.0570
v  -1.0967 19.1498 -3.0570
v  -1.7243 19.1498 -2.7548
v  -2.1585 19.1498 -2.2103
v  -2.3135 19.1498 -1.5313
v  -2.1585 19.1498 -0.8522
v  -1.7243 19.1498 -0.3077
v  -1.0967 19.1498 -0.0055
v  -0.4003 19.1498 -0.0055
v  0.2273 19.1498 -0.3077
v  0.6552 18.8996 -2.2073
v  1.0605 18.9971 -2.4024
v  1.2593 18.9971 -1.5313
v  0.8095 18.8996 -1.5313
v  0.2229 18.8996 -2.7494
v  0.5033 18.9971 -3.1010
v  -0.4018 18.8996 -3.0502
v  -0.3017 18.9971 -3.4887
v  -1.0952 18.8996 -3.0502
v  -1.1953 18.9971 -3.4887
v  -1.7199 18.8996 -2.7494
v  -2.0003 18.9971 -3.1010
v  -2.1522 18.8996 -2.2073
v  -2.5575 18.9971 -2.4024
v  -2.3065 18.8996 -1.5313
v  -2.7563 18.9971 -1.5313
v  -2.1522 18.8996 -0.8553
v  -2.5575 18.9971 -0.6601
v  -1.7199 18.8996 -0.3132
v  -2.0003 18.9971 0.0385
v  -1.0952 18.8996 -0.0123
v  -1.1953 18.9971 0.4262
v  -0.4018 18.8996 -0.0123
v  -0.3017 18.9971 0.4262
v  0.2229 18.8996 -0.3132
v  0.5033 18.9971 0.0385
v  0.6552 18.8996 -0.8553
v  1.0605 18.9971 -0.6601
v  1.3756 19.2894 -2.5542
v  1.6091 19.2894 -1.5313
v  1.6008 19.7767 -2.6626
v  1.8590 19.7767 -1.5313
v  1.7359 20.4589 -2.7277
v  2.0089 20.4589 -1.5313
v  0.7215 19.2894 -3.3745
v  0.8773 19.7767 -3.5699
v  0.9707 20.4589 -3.6871
v  -0.2239 19.2894 -3.8298
v  -0.1683 19.7767 -4.0734
v  -0.1349 20.4589 -4.2196
v  -1.2731 19.2894 -3.8298
v  -1.3287 19.7767 -4.0734
v  -1.3621 20.4589 -4.2196
v  -2.2185 19.2894 -3.3745
v  -2.3743 19.7767 -3.5699
v  -2.4677 20.4589 -3.6871
v  -2.8726 19.2894 -2.5542
v  -3.0978 19.7767 -2.6626
v  -3.2329 20.4589 -2.7277
v  -3.1061 19.2894 -1.5313
v  -3.3560 19.7767 -1.5313
v  -3.5059 20.4589 -1.5313
v  -2.8726 19.2894 -0.5083
v  -3.0978 19.7767 -0.3999
v  -3.2329 20.4589 -0.3349
v  -2.2185 19.2894 0.3120
v  -2.3743 19.7767 0.5074
v  -2.4677 20.4589 0.6246
v  -1.2731 19.2894 0.7672
v  -1.3287 19.7767 1.0109
v  -1.3621 20.4589 1.1570
v  -0.2239 19.2894 0.7672
v  -0.1683 19.7767 1.0109
v  -0.1349 20.4589 1.1570
v  0.7215 19.2894 0.3120
v  0.8773 19.7767 0.5074
v  0.9707 20.4589 0.6246
v  1.3756 19.2894 -0.5083
v  1.6008 19.7767 -0.3999
v  1.7359 20.4589 -0.3349
v  1.2630 27.0399 -2.4999
v  1.4841 27.0399 -1.5313
v  0.6435 27.0399 -3.2768
v  -0.2517 27.0399 -3.7079
v  -1.2453 27.0399 -3.7079
v  -2.1405 27.0399 -3.2768
v  -2.7600 27.0399 -2.4999
v  -2.9811 27.0399 -1.5313
v  -2.7600 27.0399 -0.5626
v  -2.1405 27.0399 0.2142
v  -1.2453 27.0399 0.6454
v  -0.2517 27.0399 0.6454
v  0.6435 27.0399 0.2142
v  1.2630 27.0399 -0.5626
v  1.5986 21.7730 -2.6616
v  1.8566 21.7730 -1.5313
v  0.8758 21.7730 -3.5680
v  -0.1688 21.7730 -4.0710
v  -1.3282 21.7730 -4.0710
v  -2.3728 21.7730 -3.5680
v  -3.0956 21.7730 -2.6616
v  -3.3536 21.7730 -1.5313
v  -3.0956 21.7730 -0.4010
v  -2.3728 21.7730 0.5055
v  -1.3282 21.7730 1.0085
v  -0.1688 21.7730 1.0085
v  0.8758 21.7730 0.5055
v  1.5986 21.7730 -0.4010
v  1.2660 19.4341 -1.5313
v  1.0665 19.4341 -2.4053
v  0.5075 19.4341 -3.1062
v  -0.3002 19.4341 -3.4952
v  -1.1968 19.4341 -3.4952
v  -2.0045 19.4341 -3.1062
v  -2.5635 19.4341 -2.4053
v  -2.7630 19.4341 -1.5313
v  -2.5635 19.4341 -0.6572
v  -2.0045 19.4341 0.0437
v  -1.1968 19.4341 0.4327
v  -0.3002 19.4341 0.4327
v  0.5075 19.4341 0.0437
v  1.0665 19.4341 -0.6572
v  1.6600 19.7265 -1.5313
v  1.4215 19.7265 -2.5763
v  1.7532 20.2137 -1.5313
v  1.5055 20.2137 -2.6167
v  1.8065 20.8959 -1.5313
v  1.5535 20.8959 -2.6399
v  0.7532 19.7264 -3.4143
v  0.8113 20.2137 -3.4872
v  0.8445 20.8959 -3.5289
v  -0.2126 19.7264 -3.8794
v  -0.1918 20.2137 -3.9703
v  -0.1799 20.8959 -4.0222
v  -1.2844 19.7264 -3.8794
v  -1.3052 20.2137 -3.9703
v  -1.3171 20.8959 -4.0222
v  -2.2502 19.7264 -3.4143
v  -2.3083 20.2137 -3.4872
v  -2.3415 20.8959 -3.5289
v  -2.9185 19.7265 -2.5763
v  -3.0025 20.2137 -2.6167
v  -3.0505 20.8959 -2.6399
v  -3.1570 19.7265 -1.5313
v  -3.2502 20.2137 -1.5313
v  -3.3035 20.8959 -1.5313
v  -2.9185 19.7265 -0.4862
v  -3.0025 20.2137 -0.4458
v  -3.0505 20.8959 -0.4227
v  -2.2502 19.7265 0.3518
v  -2.3083 20.2137 0.4247
v  -2.3415 20.8959 0.4663
v  -1.2844 19.7265 0.8169
v  -1.3052 20.2137 0.9077
v  -1.3171 20.8959 0.9597
v  -0.2126 19.7265 0.8169
v  -0.1918 20.2137 0.9077
v  -0.1799 20.8959 0.9597
v  0.7532 19.7265 0.3518
v  0.8113 20.2137 0.4247
v  0.8445 20.8959 0.4663
v  1.4215 19.7265 -0.4863
v  1.5055 20.2137 -0.4458
v  1.5535 20.8959 -0.4227
v  -5.8442 18.9107 -4.5943
v  -6.5260 18.9107 -3.7394
v  -7.5112 18.9107 -3.2649
v  -8.6047 18.9107 -3.2649
v  -9.5899 18.9107 -3.7394
v  -10.2717 18.9107 -4.5943
v  -10.5150 18.9107 -5.6604
v  -10.2717 18.9107 -6.7265
v  -9.5899 18.9107 -7.5814
v  -8.6047 18.9107 -8.0559
v  -7.5112 18.9107 -8.0559
v  -6.5260 18.9107 -7.5814
v  -5.8442 18.9107 -6.7265
v  -5.6009 18.9107 -5.6604
v  -5.2448 19.2579 -5.6604
v  -5.5234 19.2579 -6.8810
v  -5.5234 20.2480 -6.8810
v  -5.2448 20.2480 -5.6604
v  -6.3040 19.2579 -7.8598
v  -6.3040 20.2480 -7.8598
v  -7.4320 19.2579 -8.4031
v  -7.4320 20.2480 -8.4031
v  -8.6839 19.2579 -8.4031
v  -8.6839 20.2480 -8.4031
v  -9.8120 19.2579 -7.8598
v  -9.8120 20.2480 -7.8598
v  -10.5926 19.2579 -6.8810
v  -10.5926 20.2480 -6.8810
v  -10.8711 19.2579 -5.6604
v  -10.8711 20.2480 -5.6604
v  -10.5926 19.2579 -4.4398
v  -10.5926 20.2480 -4.4398
v  -9.8120 19.2579 -3.4610
v  -9.8120 20.2480 -3.4610
v  -8.6839 19.2579 -2.9177
v  -8.6839 20.2480 -2.9177
v  -7.4320 19.2579 -2.9177
v  -7.4320 20.2480 -2.9177
v  -6.3040 19.2579 -3.4610
v  -6.3040 20.2480 -3.4610
v  -5.5234 19.2579 -4.4398
v  -5.5234 20.2480 -4.4398
v  -5.8986 19.0291 -4.6205
v  -5.6613 19.0291 -5.6604
v  -5.8986 19.0291 -6.7003
v  -6.5637 19.0291 -7.5342
v  -7.5246 19.0291 -7.9970
v  -8.5913 19.0291 -7.9970
v  -9.5523 19.0291 -7.5342
v  -10.2173 19.0291 -6.7003
v  -10.4546 19.0291 -5.6604
v  -10.2173 19.0291 -4.6205
v  -9.5523 19.0291 -3.7866
v  -8.5913 19.0291 -3.3238
v  -7.5246 19.0291 -3.3238
v  -6.5637 19.0291 -3.7866
v  -5.5778 20.2480 -6.8548
v  -5.3052 20.2480 -5.6604
v  -6.3416 20.2480 -7.8126
v  -7.4454 20.2480 -8.3442
v  -8.6705 20.2480 -8.3442
v  -9.7743 20.2480 -7.8126
v  -10.5381 20.2480 -6.8548
v  -10.8107 20.2480 -5.6604
v  -10.5381 20.2480 -4.4660
v  -9.7743 20.2480 -3.5082
v  -8.6705 20.2480 -2.9766
v  -7.4454 20.2480 -2.9766
v  -6.3416 20.2480 -3.5082
v  -5.5778 20.2480 -4.4660
v  -5.5778 19.3763 -6.8548
v  -5.3052 19.3763 -5.6604
v  -6.3416 19.3763 -7.8126
v  -7.4454 19.3763 -8.3442
v  -8.6705 19.3763 -8.3442
v  -9.7743 19.3763 -7.8126
v  -10.5381 19.3763 -6.8548
v  -10.8107 19.3763 -5.6604
v  -10.5381 19.3763 -4.4660
v  -9.7743 19.3763 -3.5082
v  -8.6705 19.3763 -2.9766
v  -7.4454 19.3763 -2.9766
v  -6.3416 19.3763 -3.5082
v  -5.5778 19.3763 -4.4660
v  -5.7038 18.9324 -6.7941
v  -5.4451 18.9324 -5.6604
v  -6.4288 18.9324 -7.7032
v  -7.4765 18.9324 -8.2078
v  -8.6394 18.9324 -8.2078
v  -9.6871 18.9324 -7.7032
v  -10.4121 18.9324 -6.7941
v  -10.6708 18.9324 -5.6604
v  -10.4121 18.9324 -4.5267
v  -9.6871 18.9324 -3.6176
v  -8.6394 18.9324 -3.1130
v  -7.4765 18.9324 -3.1130
v  -6.4288 18.9324 -3.6176
v  -5.7038 18.9324 -4.5267
v  -5.5055 19.0508 -5.6604
v  -5.7583 19.0508 -6.7679
v  -6.4665 19.0508 -7.6560
v  -7.4900 19.0508 -8.1489
v  -8.6259 19.0508 -8.1489
v  -9.6494 19.0508 -7.6560
v  -10.3576 19.0508 -6.7679
v  -10.6104 19.0508 -5.6604
v  -10.3576 19.0508 -4.5529
v  -9.6494 19.0508 -3.6648
v  -8.6259 19.0508 -3.1719
v  -7.4900 19.0508 -3.1719
v  -6.4665 19.0508 -3.6648
v  -5.7583 19.0508 -4.5529
v  -5.6036 18.9975 -6.8424
v  -5.3338 18.9975 -5.6604
v  -5.5434 19.1060 -6.8713
v  -5.2670 19.1060 -5.6604
v  -6.3595 18.9975 -7.7902
v  -6.3178 19.1060 -7.8424
v  -7.4518 18.9975 -8.3163
v  -7.4369 19.1060 -8.3814
v  -8.6641 18.9975 -8.3163
v  -8.6790 19.1060 -8.3814
v  -9.7564 18.9975 -7.7902
v  -9.7981 19.1060 -7.8424
v  -10.5123 18.9975 -6.8424
v  -10.5725 19.1060 -6.8713
v  -10.7821 18.9975 -5.6604
v  -10.8489 19.1060 -5.6604
v  -10.5123 18.9975 -4.4784
v  -10.5725 19.1060 -4.4495
v  -9.7564 18.9975 -3.5306
v  -9.7981 19.1060 -3.4784
v  -8.6641 18.9975 -3.0045
v  -8.6790 19.1060 -2.9394
v  -7.4518 18.9975 -3.0045
v  -7.4369 19.1060 -2.9394
v  -6.3595 18.9975 -3.5306
v  -6.3178 19.1060 -3.4784
v  -5.6036 18.9975 -4.4784
v  -5.5434 19.1060 -4.4495
v  -5.3942 19.1159 -5.6604
v  -5.6580 19.1159 -6.8162
v  -5.3274 19.2244 -5.6604
v  -5.5978 19.2244 -6.8451
v  -6.3971 19.1159 -7.7430
v  -6.3555 19.2244 -7.7952
v  -7.4652 19.1159 -8.2574
v  -7.4504 19.2244 -8.3225
v  -8.6507 19.1159 -8.2574
v  -8.6656 19.2244 -8.3225
v  -9.7188 19.1159 -7.7430
v  -9.7604 19.2244 -7.7952
v  -10.4579 19.1159 -6.8162
v  -10.5181 19.2244 -6.8451
v  -10.7217 19.1159 -5.6604
v  -10.7885 19.2244 -5.6604
v  -10.4579 19.1159 -4.5046
v  -10.5181 19.2244 -4.4757
v  -9.7188 19.1159 -3.5778
v  -9.7604 19.2244 -3.5256
v  -8.6507 19.1159 -3.0634
v  -8.6656 19.2244 -2.9983
v  -7.4652 19.1159 -3.0634
v  -7.4504 19.2244 -2.9983
v  -6.3971 19.1159 -3.5778
v  -6.3555 19.2244 -3.5256
v  -5.6580 19.1159 -4.5046
v  -5.5978 19.2244 -4.4757
# 616 vertices

vn 0.0227 -0.9997 0.0079
vn 0.0204 -0.9997 0.0128
vn 0.0170 -0.9997 0.0170
vn 0.0128 -0.9997 0.0204
vn 0.0079 -0.9997 0.0227
vn 0.0027 -0.9997 0.0239
vn -0.0027 -0.9997 0.0239
vn -0.0079 -0.9997 0.0227
vn -0.0128 -0.9997 0.0204
vn -0.0170 -0.9997 0.0170
vn -0.0204 -0.9997 0.0128
vn -0.0227 -0.9997 0.0079
vn -0.0239 -0.9997 0.0027
vn -0.0239 -0.9997 -0.0027
vn -0.0227 -0.9997 -0.0079
vn -0.0204 -0.9997 -0.0128
vn -0.0170 -0.9997 -0.0170
vn -0.0128 -0.9997 -0.0204
vn -0.0079 -0.9997 -0.0227
vn -0.0027 -0.9997 -0.0239
vn 0.0027 -0.9997 -0.0239
vn 0.0079 -0.9997 -0.0227
vn 0.0128 -0.9997 -0.0204
vn 0.0170 -0.9997 -0.0170
vn 0.0204 -0.9997 -0.0128
vn 0.0227 -0.9997 -0.0079
vn 0.0239 -0.9997 -0.0027
vn 0.0239 -0.9997 0.0027
vn 0.7254 0.5158 0.4558
vn 0.8086 0.5158 0.2830
vn 0.8513 0.5158 0.0959
vn 0.8513 0.5158 -0.0959
vn 0.8086 0.5158 -0.2830
vn 0.7254 0.5158 -0.4558
vn 0.6058 0.5158 -0.6058
vn 0.4558 0.5158 -0.7254
vn 0.2830 0.5158 -0.8086
vn 0.0959 0.5158 -0.8513
vn -0.0959 0.5158 -0.8513
vn -0.2830 0.5158 -0.8086
vn -0.4558 0.5158 -0.7254
vn -0.6058 0.5158 -0.6058
vn -0.7254 0.5158 -0.4558
vn -0.8086 0.5158 -0.2830
vn -0.8513 0.5158 -0.0959
vn -0.8513 0.5158 0.0959
vn -0.8086 0.5158 0.2830
vn -0.7254 0.5158 0.4558
vn -0.6058 0.5158 0.6058
vn -0.4558 0.5158 0.7254
vn -0.2830 0.5158 0.8086
vn -0.0959 0.5158 0.8513
vn 0.0959 0.5158 0.8513
vn 0.2830 0.5158 0.8086
vn 0.4558 0.5158 0.7254
vn 0.6058 0.5158 0.6058
vn 0.1136 -0.9927 -0.0398
vn 0.1196 -0.9927 -0.0135
vn 0.0851 -0.9927 -0.0851
vn 0.1019 -0.9927 -0.0640
vn 0.0398 -0.9927 -0.1136
vn 0.0640 -0.9927 -0.1019
vn -0.0135 -0.9927 -0.1196
vn 0.0135 -0.9927 -0.1196
vn -0.0640 -0.9927 -0.1019
vn -0.0398 -0.9927 -0.1136
vn -0.1019 -0.9927 -0.0640
vn -0.0851 -0.9927 -0.0851
vn -0.1196 -0.9927 -0.0135
vn -0.1136 -0.9927 -0.0398
vn -0.1136 -0.9927 0.0398
vn -0.1196 -0.9927 0.0135
vn -0.0851 -0.9927 0.0851
vn -0.1019 -0.9927 0.0640
vn -0.0398 -0.9927 0.1136
vn -0.0640 -0.9927 0.1019
vn 0.0135 -0.9927 0.1196
vn -0.0135 -0.9927 0.1196
vn 0.0640 -0.9927 0.1019
vn 0.0398 -0.9927 0.1136
vn 0.1019 -0.9927 0.0640
vn 0.0851 -0.9927 0.0851
vn 0.1196 -0.9927 0.0135
vn 0.1136 -0.9927 0.0398
vn 0.7326 -0.6756 0.0825
vn 0.7326 -0.6756 -0.0825
vn 0.6959 -0.6756 -0.2435
vn 0.6242 -0.6756 -0.3922
vn 0.5213 -0.6756 -0.5213
vn 0.3922 -0.6756 -0.6242
vn 0.2435 -0.6756 -0.6959
vn 0.0825 -0.6756 -0.7326
vn -0.0825 -0.6756 -0.7326
vn -0.2435 -0.6756 -0.6959
vn -0.3922 -0.6756 -0.6242
vn -0.5213 -0.6756 -0.5213
vn -0.6242 -0.6756 -0.3922
vn -0.6959 -0.6756 -0.2435
vn -0.7326 -0.6756 -0.0825
vn -0.7326 -0.6756 0.0825
vn -0.6959 -0.6756 0.2435
vn -0.6242 -0.6756 0.3922
vn -0.5213 -0.6756 0.5213
vn -0.3922 -0.6756 0.6242
vn -0.2435 -0.6756 0.6959
vn -0.0825 -0.6756 0.7326
vn 0.0825 -0.6756 0.7326
vn 0.2435 -0.6756 0.6959
vn 0.3922 -0.6756 0.6242
vn 0.5213 -0.6756 0.5213
vn 0.6242 -0.6756 0.3922
vn 0.6959 -0.6756 0.2435
vn 0.3187 -0.9413 -0.1115
vn 0.3355 -0.9413 -0.0378
vn 0.2388 -0.9413 -0.2388
vn 0.2859 -0.9413 -0.1796
vn 0.1115 -0.9413 -0.3187
vn 0.1796 -0.9413 -0.2859
vn -0.0378 -0.9413 -0.3355
vn 0.0378 -0.9413 -0.3355
vn -0.1796 -0.9413 -0.2859
vn -0.1115 -0.9413 -0.3187
vn -0.2859 -0.9413 -0.1796
vn -0.2388 -0.9413 -0.2388
vn -0.3355 -0.9413 -0.0378
vn -0.3187 -0.9413 -0.1115
vn -0.3187 -0.9413 0.1115
vn -0.3355 -0.9413 0.0378
vn -0.2388 -0.9413 0.2388
vn -0.2859 -0.9413 0.1796
vn -0.1115 -0.9413 0.3187
vn -0.1796 -0.9413 0.2859
vn 0.0378 -0.9413 0.3355
vn -0.0378 -0.9413 0.3355
vn 0.1796 -0.9413 0.2859
vn 0.1115 -0.9413 0.3187
vn 0.2859 -0.9413 0.1796
vn 0.2388 -0.9413 0.2388
vn 0.3355 -0.9413 0.0378
vn 0.3187 -0.9413 0.1115
vn 0.9848 -0.1736 0.0000
vn 0.8851 -0.1561 -0.4384
vn 0.8941 -0.1577 -0.4192
vn 0.6045 -0.1066 -0.7895
vn 0.6341 -0.1118 -0.7651
vn 0.1987 -0.0350 -0.9794
vn 0.2455 -0.0433 -0.9684
vn -0.2455 0.0433 -0.9684
vn -0.1987 0.0350 -0.9794
vn -0.6341 0.1118 -0.7651
vn -0.6045 0.1066 -0.7895
vn -0.8941 0.1577 -0.4192
vn -0.8851 0.1561 -0.4384
vn -0.9848 0.1736 -0.0000
vn -0.8941 0.1577 0.4192
vn -0.8851 0.1561 0.4384
vn -0.6341 0.1118 0.7651
vn -0.6045 0.1066 0.7895
vn -0.2455 0.0433 0.9684
vn -0.1987 0.0350 0.9794
vn 0.1987 -0.0350 0.9794
vn 0.2455 -0.0433 0.9684
vn 0.6045 -0.1066 0.7895
vn 0.6341 -0.1118 0.7651
vn 0.8851 -0.1561 0.4384
vn 0.8941 -0.1577 0.4192
vn -0.9848 -0.1736 0.0000
vn -0.8941 -0.1577 -0.4192
vn -0.8851 -0.1561 -0.4384
vn -0.6341 -0.1118 -0.7651
vn -0.6045 -0.1066 -0.7895
vn -0.2455 -0.0433 -0.9684
vn -0.1987 -0.0350 -0.9794
vn 0.1987 0.0350 -0.9794
vn 0.2455 0.0433 -0.9684
vn 0.6045 0.1066 -0.7895
vn 0.6341 0.1118 -0.7651
vn 0.8851 0.1561 -0.4384
vn 0.8941 0.1577 -0.4192
vn 0.9848 0.1736 -0.0000
vn 0.8851 0.1561 0.4384
vn 0.8941 0.1577 0.4192
vn 0.6045 0.1066 0.7895
vn 0.6341 0.1118 0.7651
vn 0.1987 0.0350 0.9794
vn 0.2455 0.0433 0.9684
vn -0.2455 -0.0433 0.9684
vn -0.1987 -0.0350 0.9794
vn -0.6341 -0.1118 0.7651
vn -0.6045 -0.1066 0.7895
vn -0.8941 -0.1577 0.4192
vn -0.8851 -0.1561 0.4384
vn 0.0000 -0.1736 -0.9848
vn -0.4384 -0.1561 -0.8851
vn -0.4192 -0.1577 -0.8941
vn -0.7895 -0.1066 -0.6045
vn -0.7651 -0.1118 -0.6341
vn -0.9794 -0.0350 -0.1987
vn -0.9684 -0.0433 -0.2455
vn -0.9684 0.0433 0.2455
vn -0.9794 0.0350 0.1987
vn -0.7651 0.1118 0.6341
vn -0.7895 0.1066 0.6045
vn -0.4192 0.1577 0.8941
vn -0.4384 0.1561 0.8851
vn -0.0000 0.1736 0.9848
vn 0.0000 0.1736 0.9848
vn 0.4192 0.1577 0.8941
vn 0.4384 0.1561 0.8851
vn 0.7651 0.1118 0.6341
vn 0.7895 0.1066 0.6045
vn 0.9684 0.0433 0.2455
vn 0.9794 0.0350 0.1987
vn 0.9794 -0.0350 -0.1987
vn 0.9684 -0.0433 -0.2455
vn 0.7895 -0.1066 -0.6045
vn 0.7651 -0.1118 -0.6341
vn 0.4384 -0.1561 -0.8851
vn 0.4192 -0.1577 -0.8941
vn 0.0000 -0.1736 0.9848
vn -0.4192 -0.1577 0.8941
vn -0.4384 -0.1561 0.8851
vn -0.7651 -0.1118 0.6341
vn -0.7895 -0.1066 0.6045
vn -0.9684 -0.0433 0.2455
vn -0.9794 -0.0350 0.1987
vn -0.9794 0.0350 -0.1987
vn -0.9684 0.0433 -0.2455
vn -0.7895 0.1066 -0.6045
vn -0.7651 0.1118 -0.6341
vn -0.4384 0.1561 -0.8851
vn -0.4192 0.1577 -0.8941
vn 0.0000 0.1736 -0.9848
vn 0.4384 0.1561 -0.8851
vn 0.4192 0.1577 -0.8941
vn 0.7895 0.1066 -0.6045
vn 0.7651 0.1118 -0.6341
vn 0.9794 0.0350 -0.1987
vn 0.9684 0.0433 -0.2455
vn 0.9684 -0.0433 0.2455
vn 0.9794 -0.0350 0.1987
vn 0.7651 -0.1118 0.6341
vn 0.7895 -0.1066 0.6045
vn 0.4192 -0.1577 0.8941
vn 0.4384 -0.1561 0.8851
vn 0.9999 0.0163 -0.0000
vn 0.9008 0.0163 -0.4338
vn 0.6494 0.6932 -0.3127
vn 0.7208 0.6932 -0.0000
vn 0.6234 0.0163 -0.7817
vn 0.4494 0.6932 -0.5635
vn 0.2225 0.0163 -0.9748
vn 0.1604 0.6932 -0.7027
vn -0.2225 0.0163 -0.9748
vn -0.1604 0.6932 -0.7027
vn -0.6234 0.0163 -0.7817
vn -0.4494 0.6932 -0.5635
vn -0.9008 0.0163 -0.4338
vn -0.6494 0.6932 -0.3127
vn -0.9999 0.0163 0.0000
vn -0.7208 0.6932 -0.0000
vn -0.9008 0.0163 0.4338
vn -0.6494 0.6932 0.3127
vn -0.6234 0.0163 0.7817
vn -0.4494 0.6932 0.5635
vn -0.2225 0.0163 0.9748
vn -0.1604 0.6932 0.7027
vn 0.2225 0.0163 0.9748
vn 0.1604 0.6932 0.7027
vn 0.6234 0.0163 0.7817
vn 0.4494 0.6932 0.5635
vn 0.9008 0.0163 0.4338
vn 0.6494 0.6932 0.3127
vn -0.2830 0.9494 -0.1363
vn -0.3141 0.9494 0.0000
vn -0.2830 0.9494 0.1363
vn -0.1958 0.9494 0.2456
vn -0.0699 0.9494 0.3062
vn 0.0699 0.9494 0.3062
vn 0.1958 0.9494 0.2456
vn 0.2830 0.9494 0.1363
vn 0.3141 0.9494 0.0000
vn 0.2830 0.9494 -0.1363
vn 0.1958 0.9494 -0.2456
vn 0.0699 0.9494 -0.3062
vn -0.0699 0.9494 -0.3062
vn -0.1958 0.9494 -0.2456
vn 0.1908 -0.9773 -0.0919
vn 0.4198 -0.8848 -0.2022
vn 0.4659 -0.8848 -0.0000
vn 0.2118 -0.9773 -0.0000
vn 0.1320 -0.9773 -0.1656
vn 0.2905 -0.8848 -0.3643
vn 0.0471 -0.9773 -0.2064
vn 0.1037 -0.8848 -0.4543
vn -0.0471 -0.9773 -0.2064
vn -0.1037 -0.8848 -0.4543
vn -0.1320 -0.9773 -0.1656
vn -0.2905 -0.8848 -0.3643
vn -0.1908 -0.9773 -0.0919
vn -0.4198 -0.8848 -0.2022
vn -0.2118 -0.9773 0.0000
vn -0.4659 -0.8848 -0.0000
vn -0.1908 -0.9773 0.0919
vn -0.4198 -0.8848 0.2022
vn -0.1320 -0.9773 0.1656
vn -0.2905 -0.8848 0.3643
vn -0.0471 -0.9773 0.2064
vn -0.1037 -0.8848 0.4543
vn 0.0471 -0.9773 0.2064
vn 0.1037 -0.8848 0.4543
vn 0.1320 -0.9773 0.1656
vn 0.2905 -0.8848 0.3643
vn 0.1908 -0.9773 0.0919
vn 0.4198 -0.8848 0.2022
vn 0.7133 -0.6109 -0.3435
vn 0.7917 -0.6109 -0.0000
vn 0.8497 -0.3326 -0.4092
vn 0.9431 -0.3326 -0.0000
vn 0.8928 -0.1347 -0.4299
vn 0.9909 -0.1347 -0.0000
vn 0.4936 -0.6109 -0.6190
vn 0.5880 -0.3326 -0.7373
vn 0.6178 -0.1347 -0.7747
vn 0.1762 -0.6109 -0.7719
vn 0.2098 -0.3326 -0.9194
vn 0.2205 -0.1347 -0.9660
vn -0.1762 -0.6109 -0.7719
vn -0.2098 -0.3326 -0.9194
vn -0.2205 -0.1347 -0.9660
vn -0.4936 -0.6109 -0.6190
vn -0.5880 -0.3326 -0.7373
vn -0.6178 -0.1347 -0.7747
vn -0.7133 -0.6109 -0.3435
vn -0.8497 -0.3326 -0.4092
vn -0.8928 -0.1347 -0.4299
vn -0.7917 -0.6109 0.0000
vn -0.9431 -0.3326 -0.0000
vn -0.9909 -0.1347 -0.0000
vn -0.7133 -0.6109 0.3435
vn -0.8497 -0.3326 0.4092
vn -0.8928 -0.1347 0.4299
vn -0.4936 -0.6109 0.6190
vn -0.5880 -0.3326 0.7373
vn -0.6178 -0.1347 0.7747
vn -0.1762 -0.6109 0.7719
vn -0.2098 -0.3326 0.9194
vn -0.2205 -0.1347 0.9660
vn 0.1762 -0.6109 0.7719
vn 0.2098 -0.3326 0.9194
vn 0.2205 -0.1347 0.9660
vn 0.4936 -0.6109 0.6190
vn 0.5880 -0.3326 0.7373
vn 0.6178 -0.1347 0.7747
vn 0.7133 -0.6109 0.3435
vn 0.8497 -0.3326 0.4092
vn 0.8928 -0.1347 0.4299
vn -0.6083 0.7377 0.2929
vn -0.6751 0.7377 0.0000
vn -0.4209 0.7377 0.5278
vn -0.1502 0.7377 0.6582
vn 0.1502 0.7377 0.6582
vn 0.4209 0.7377 0.5278
vn 0.6083 0.7377 0.2929
vn 0.6751 0.7377 -0.0000
vn 0.6083 0.7377 -0.2929
vn 0.4209 0.7377 -0.5278
vn 0.1502 0.7377 -0.6582
vn -0.1502 0.7377 -0.6582
vn -0.4209 0.7377 -0.5278
vn -0.6083 0.7377 -0.2929
vn -0.9009 -0.0067 0.4339
vn -1.0000 -0.0067 0.0000
vn -0.6235 -0.0067 0.7818
vn -0.2225 -0.0067 0.9749
vn 0.2225 -0.0067 0.9749
vn 0.6235 -0.0067 0.7818
vn 0.9009 -0.0067 0.4339
vn 1.0000 -0.0067 0.0000
vn 0.9009 -0.0067 -0.4339
vn 0.6235 -0.0067 -0.7818
vn 0.2225 -0.0067 -0.9749
vn -0.2225 -0.0067 -0.9749
vn -0.6235 -0.0067 -0.7818
vn -0.9009 -0.0067 -0.4339
vn -0.5692 0.8222 0.0000
vn -0.5128 0.8222 0.2470
vn -0.3549 0.8222 0.4450
vn -0.1267 0.8222 0.5549
vn 0.1267 0.8222 0.5549
vn 0.3549 0.8222 0.4450
vn 0.5128 0.8222 0.2470
vn 0.5692 0.8222 0.0000
vn 0.5128 0.8222 -0.2470
vn 0.3549 0.8222 -0.4450
vn 0.1267 0.8222 -0.5549
vn -0.1267 0.8222 -0.5549
vn -0.3549 0.8222 -0.4450
vn -0.5128 0.8222 -0.2470
vn -0.8603 0.5098 -0.0000
vn -0.7751 0.5098 0.3733
vn -0.9912 0.1321 0.0000
vn -0.8931 0.1321 0.4301
vn -0.9977 0.0673 0.0000
vn -0.8989 0.0673 0.4329
vn -0.5364 0.5098 0.6726
vn -0.6180 0.1321 0.7750
vn -0.6221 0.0673 0.7801
vn -0.1914 0.5098 0.8387
vn -0.2206 0.1321 0.9664
vn -0.2220 0.0673 0.9727
vn 0.1914 0.5098 0.8387
vn 0.2206 0.1321 0.9664
vn 0.2220 0.0673 0.9727
vn 0.5364 0.5098 0.6726
vn 0.6180 0.1321 0.7750
vn 0.6221 0.0673 0.7801
vn 0.7751 0.5098 0.3733
vn 0.8931 0.1321 0.4301
vn 0.8989 0.0673 0.4329
vn 0.8603 0.5098 -0.0000
vn 0.9912 0.1321 0.0000
vn 0.9977 0.0673 0.0000
vn 0.7751 0.5098 -0.3733
vn 0.8931 0.1321 -0.4301
vn 0.8989 0.0673 -0.4329
vn 0.5364 0.5098 -0.6726
vn 0.6180 0.1321 -0.7750
vn 0.6221 0.0673 -0.7801
vn 0.1914 0.5098 -0.8387
vn 0.2206 0.1321 -0.9664
vn 0.2220 0.0673 -0.9727
vn -0.1914 0.5098 -0.8387
vn -0.2206 0.1321 -0.9664
vn -0.2220 0.0673 -0.9727
vn -0.5364 0.5098 -0.6726
vn -0.6180 0.1321 -0.7750
vn -0.6221 0.0673 -0.7801
vn -0.7751 0.5098 -0.3733
vn -0.8931 0.1321 -0.4301
vn -0.8989 0.0673 -0.4329
vn 0.0711 -0.9969 0.0343
vn 0.0492 -0.9969 0.0617
vn 0.0176 -0.9969 0.0770
vn -0.0176 -0.9969 0.0770
vn -0.0492 -0.9969 0.0617
vn -0.0711 -0.9969 0.0343
vn -0.0790 -0.9969 -0.0000
vn -0.0711 -0.9969 -0.0343
vn -0.0492 -0.9969 -0.0617
vn -0.0176 -0.9969 -0.0770
vn 0.0176 -0.9969 -0.0770
vn 0.0492 -0.9969 -0.0617
vn 0.0711 -0.9969 -0.0343
vn 0.0790 -0.9969 -0.0000
vn 0.9974 -0.0719 -0.0000
vn 0.8986 -0.0719 -0.4328
vn 0.6766 0.6603 -0.3259
vn 0.7510 0.6603 -0.0000
vn 0.6219 -0.0720 -0.7798
vn 0.4682 0.6603 -0.5871
vn 0.2219 -0.0720 -0.9724
vn 0.1671 0.6603 -0.7322
vn -0.2219 -0.0719 -0.9724
vn -0.1671 0.6603 -0.7322
vn -0.6219 -0.0720 -0.7798
vn -0.4682 0.6603 -0.5871
vn -0.8986 -0.0719 -0.4328
vn -0.6766 0.6603 -0.3259
vn -0.9974 -0.0720 -0.0000
vn -0.7510 0.6603 -0.0000
vn -0.8986 -0.0720 0.4328
vn -0.6766 0.6603 0.3259
vn -0.6219 -0.0719 0.7798
vn -0.4683 0.6603 0.5872
vn -0.2219 -0.0719 0.9724
vn -0.1671 0.6603 0.7322
vn 0.2219 -0.0719 0.9724
vn 0.1671 0.6603 0.7322
vn 0.6219 -0.0719 0.7798
vn 0.4683 0.6603 0.5872
vn 0.8986 -0.0719 0.4328
vn 0.6766 0.6603 0.3259
vn -0.0711 0.9969 -0.0343
vn -0.0790 0.9969 -0.0000
vn -0.0711 0.9969 0.0343
vn -0.0492 0.9969 0.0617
vn -0.0176 0.9969 0.0770
vn 0.0176 0.9969 0.0770
vn 0.0492 0.9969 0.0617
vn 0.0711 0.9969 0.0343
vn 0.0790 0.9969 0.0000
vn 0.0711 0.9969 -0.0343
vn 0.0492 0.9969 -0.0617
vn 0.0176 0.9969 -0.0770
vn -0.0176 0.9969 -0.0770
vn -0.0492 0.9969 -0.0617
vn -0.5847 0.7608 0.2816
vn -0.6490 0.7608 0.0000
vn -0.4046 0.7608 0.5074
vn -0.1444 0.7608 0.6327
vn 0.1444 0.7608 0.6327
vn 0.4046 0.7608 0.5074
vn 0.5847 0.7608 0.2816
vn 0.6490 0.7608 -0.0000
vn 0.5847 0.7608 -0.2816
vn 0.4046 0.7608 -0.5074
vn 0.1444 0.7608 -0.6327
vn -0.1444 0.7608 -0.6327
vn -0.4046 0.7608 -0.5074
vn -0.5847 0.7608 -0.2816
vn -0.8986 0.0719 0.4328
vn -0.9974 0.0720 0.0000
vn -0.6219 0.0720 0.7798
vn -0.2219 0.0720 0.9724
vn 0.2219 0.0720 0.9724
vn 0.6219 0.0720 0.7798
vn 0.8986 0.0720 0.4328
vn 0.9974 0.0720 -0.0000
vn 0.8986 0.0719 -0.4328
vn 0.6219 0.0719 -0.7798
vn 0.2219 0.0719 -0.9724
vn -0.2219 0.0720 -0.9724
vn -0.6219 0.0720 -0.7798
vn -0.8986 0.0720 -0.4328
vn 0.3171 -0.9360 -0.1527
vn 0.3520 -0.9360 -0.0000
vn 0.2194 -0.9360 -0.2752
vn 0.0783 -0.9360 -0.3431
vn -0.0783 -0.9360 -0.3431
vn -0.2194 -0.9360 -0.2752
vn -0.3171 -0.9360 -0.1527
vn -0.3520 -0.9360 -0.0000
vn -0.3171 -0.9360 0.1527
vn -0.2194 -0.9360 0.2752
vn -0.0783 -0.9360 0.3431
vn 0.0783 -0.9360 0.3431
vn 0.2194 -0.9360 0.2752
vn 0.3171 -0.9360 0.1527
vn -0.3520 0.9360 -0.0000
vn -0.3171 0.9360 0.1527
vn -0.2194 0.9360 0.2752
vn -0.0783 0.9360 0.3431
vn 0.0783 0.9360 0.3431
vn 0.2194 0.9360 0.2752
vn 0.3171 0.9360 0.1527
vn 0.3520 0.9360 0.0000
vn 0.3171 0.9360 -0.1527
vn 0.2194 0.9360 -0.2752
vn 0.0783 0.9360 -0.3431
vn -0.0783 0.9360 -0.3431
vn -0.2194 0.9360 -0.2752
vn -0.3171 0.9360 -0.1527
vn 0.6451 -0.6981 -0.3106
vn 0.7160 -0.6981 -0.0000
vn 0.8496 -0.3327 -0.4092
vn 0.9430 -0.3327 0.0000
vn 0.4464 -0.6981 -0.5598
vn 0.5880 -0.3327 -0.7373
vn 0.1593 -0.6981 -0.6980
vn 0.2098 -0.3327 -0.9194
vn -0.1593 -0.6981 -0.6980
vn -0.2098 -0.3327 -0.9194
vn -0.4464 -0.6981 -0.5598
vn -0.5880 -0.3327 -0.7373
vn -0.6451 -0.6981 -0.3106
vn -0.8496 -0.3327 -0.4092
vn -0.7160 -0.6981 -0.0000
vn -0.9430 -0.3327 -0.0000
vn -0.6451 -0.6981 0.3106
vn -0.8496 -0.3327 0.4092
vn -0.4464 -0.6981 0.5598
vn -0.5880 -0.3327 0.7373
vn -0.1593 -0.6981 0.6980
vn -0.2098 -0.3327 0.9194
vn 0.1593 -0.6981 0.6980
vn 0.2098 -0.3327 0.9194
vn 0.4464 -0.6981 0.5598
vn 0.5880 -0.3327 0.7373
vn 0.6451 -0.6981 0.3106
vn 0.8496 -0.3327 0.4092
vn -0.7160 0.6981 -0.0000
vn -0.6451 0.6981 0.3106
vn -0.9430 0.3327 0.0000
vn -0.8496 0.3327 0.4092
vn -0.4464 0.6981 0.5598
vn -0.5880 0.3327 0.7373
vn -0.1593 0.6981 0.6980
vn -0.2098 0.3327 0.9194
vn 0.1593 0.6981 0.6980
vn 0.2098 0.3327 0.9194
vn 0.4464 0.6981 0.5598
vn 0.5880 0.3327 0.7373
vn 0.6451 0.6981 0.3106
vn 0.8496 0.3327 0.4092
vn 0.7160 0.6981 0.0000
vn 0.9430 0.3327 0.0000
vn 0.6451 0.6981 -0.3106
vn 0.8496 0.3327 -0.4092
vn 0.4464 0.6981 -0.5598
vn 0.5880 0.3327 -0.7373
vn 0.1593 0.6981 -0.6980
vn 0.2098 0.3327 -0.9194
vn -0.1593 0.6981 -0.6980
vn -0.2098 0.3327 -0.9194
vn -0.4464 0.6981 -0.5598
vn -0.5880 0.3327 -0.7373
vn -0.6451 0.6981 -0.3106
vn -0.8496 0.3327 -0.4092
# 609 vertex normals

vt 0.1793 0.4367 0.0000
vt 0.1419 0.4187 0.0000
vt 0.1065 0.3905 0.0000
vt 0.0806 0.3580 0.0000
vt 0.0610 0.3172 0.0000
vt 0.0518 0.2767 0.0000
vt 0.0518 0.2314 0.0000
vt 0.0610 0.1910 0.0000
vt 0.0807 0.1501 0.0000
vt 0.1066 0.1177 0.0000
vt 0.1420 0.0894 0.0000
vt 0.1794 0.0715 0.0000
vt 0.2236 0.0614 0.0000
vt 0.2651 0.0614 0.0000
vt 0.3093 0.0715 0.0000
vt 0.3466 0.0895 0.0000
vt 0.3821 0.1178 0.0000
vt 0.4079 0.1502 0.0000
vt 0.4276 0.1911 0.0000
vt 0.4368 0.2315 0.0000
vt 0.4368 0.2769 0.0000
vt 0.4275 0.3173 0.0000
vt 0.4079 0.3581 0.0000
vt 0.3820 0.3905 0.0000
vt 0.3465 0.4188 0.0000
vt 0.3092 0.4368 0.0000
vt 0.2650 0.4469 0.0000
vt 0.2235 0.4469 0.0000
vt 0.8722 0.4645 0.0000
vt 0.8241 0.4876 0.0000
vt 0.7682 0.5003 0.0000
vt 0.7147 0.5003 0.0000
vt 0.6589 0.4875 0.0000
vt 0.6107 0.4643 0.0000
vt 0.5660 0.4285 0.0000
vt 0.5327 0.3867 0.0000
vt 0.5078 0.3350 0.0000
vt 0.4960 0.2829 0.0000
vt 0.4960 0.2256 0.0000
vt 0.5080 0.1735 0.0000
vt 0.5329 0.1218 0.0000
vt 0.5663 0.0801 0.0000
vt 0.6111 0.0444 0.0000
vt 0.6593 0.0212 0.0000
vt 0.7152 0.0086 0.0000
vt 0.7686 0.0086 0.0000
vt 0.8245 0.0214 0.0000
vt 0.8726 0.0446 0.0000
vt 0.9174 0.0804 0.0000
vt 0.9507 0.1222 0.0000
vt 0.9755 0.1739 0.0000
vt 0.9873 0.2260 0.0000
vt 0.9873 0.2833 0.0000
vt 0.9754 0.3354 0.0000
vt 0.9504 0.3870 0.0000
vt 0.9171 0.4288 0.0000
vt 0.3169 0.4588 0.0000
vt 0.2676 0.4701 0.0000
vt 0.3985 0.4071 0.0000
vt 0.3589 0.4386 0.0000
vt 0.4496 0.3250 0.0000
vt 0.4276 0.3706 0.0000
vt 0.4600 0.2289 0.0000
vt 0.4600 0.2795 0.0000
vt 0.4277 0.1378 0.0000
vt 0.4496 0.1834 0.0000
vt 0.3591 0.0697 0.0000
vt 0.3986 0.1013 0.0000
vt 0.2677 0.0382 0.0000
vt 0.3170 0.0495 0.0000
vt 0.1717 0.0494 0.0000
vt 0.2210 0.0382 0.0000
vt 0.0901 0.1012 0.0000
vt 0.1296 0.0697 0.0000
vt 0.0390 0.1833 0.0000
vt 0.0609 0.1377 0.0000
vt 0.0286 0.2793 0.0000
vt 0.0286 0.2288 0.0000
vt 0.0609 0.3705 0.0000
vt 0.0389 0.3249 0.0000
vt 0.1295 0.4385 0.0000
vt 0.0900 0.4070 0.0000
vt 0.2209 0.4701 0.0000
vt 0.1716 0.4588 0.0000
vt 0.7678 0.5084 0.0000
vt 0.7151 0.5084 0.0000
vt 0.6550 0.4946 0.0000
vt 0.6076 0.4717 0.0000
vt 0.5594 0.4332 0.0000
vt 0.5266 0.3920 0.0000
vt 0.4999 0.3364 0.0000
vt 0.4882 0.2850 0.0000
vt 0.4883 0.2234 0.0000
vt 0.5000 0.1720 0.0000
vt 0.5268 0.1165 0.0000
vt 0.5597 0.0754 0.0000
vt 0.6080 0.0370 0.0000
vt 0.6554 0.0141 0.0000
vt 0.7155 0.0005 0.0000
vt 0.7682 0.0005 0.0000
vt 0.8283 0.0143 0.0000
vt 0.8758 0.0372 0.0000
vt 0.9239 0.0757 0.0000
vt 0.9568 0.1169 0.0000
vt 0.9835 0.1725 0.0000
vt 0.9951 0.2238 0.0000
vt 0.9951 0.2855 0.0000
vt 0.9833 0.3368 0.0000
vt 0.9565 0.3924 0.0000
vt 0.9236 0.4335 0.0000
vt 0.8754 0.4719 0.0000
vt 0.8279 0.4947 0.0000
vt 0.3225 0.4748 0.0000
vt 0.2695 0.4869 0.0000
vt 0.3262 0.4855 0.0000
vt 0.2707 0.4981 0.0000
vt 0.6574 0.4954 0.0000
vt 0.7126 0.5081 0.0000
vt 0.4105 0.4191 0.0000
vt 0.3680 0.4529 0.0000
vt 0.4185 0.4270 0.0000
vt 0.3740 0.4625 0.0000
vt 0.5612 0.4350 0.0000
vt 0.6054 0.4703 0.0000
vt 0.4656 0.3306 0.0000
vt 0.4420 0.3796 0.0000
vt 0.4762 0.3343 0.0000
vt 0.4515 0.3856 0.0000
vt 0.5007 0.3388 0.0000
vt 0.5252 0.3898 0.0000
vt 0.4768 0.2270 0.0000
vt 0.4768 0.2814 0.0000
vt 0.4880 0.2258 0.0000
vt 0.4880 0.2826 0.0000
vt 0.4421 0.1288 0.0000
vt 0.4656 0.1778 0.0000
vt 0.4516 0.1228 0.0000
vt 0.4763 0.1741 0.0000
vt 0.5255 0.1187 0.0000
vt 0.5009 0.1696 0.0000
vt 0.3681 0.0554 0.0000
vt 0.4106 0.0893 0.0000
vt 0.3741 0.0458 0.0000
vt 0.4186 0.0813 0.0000
vt 0.6058 0.0383 0.0000
vt 0.5615 0.0736 0.0000
vt 0.2696 0.0214 0.0000
vt 0.3226 0.0335 0.0000
vt 0.2709 0.0101 0.0000
vt 0.3263 0.0228 0.0000
vt 0.7130 0.0008 0.0000
vt 0.6578 0.0133 0.0000
vt 0.1661 0.0334 0.0000
vt 0.2191 0.0213 0.0000
vt 0.1624 0.0228 0.0000
vt 0.2179 0.0101 0.0000
vt 0.8259 0.0134 0.0000
vt 0.7708 0.0008 0.0000
vt 0.0781 0.0892 0.0000
vt 0.1206 0.0553 0.0000
vt 0.0701 0.0812 0.0000
vt 0.1146 0.0458 0.0000
vt 0.9221 0.0739 0.0000
vt 0.8779 0.0386 0.0000
vt 0.0230 0.1776 0.0000
vt 0.0466 0.1287 0.0000
vt 0.0123 0.1739 0.0000
vt 0.0370 0.1227 0.0000
vt 0.9826 0.1701 0.0000
vt 0.9581 0.1191 0.0000
vt 0.0117 0.2812 0.0000
vt 0.0117 0.2269 0.0000
vt 0.0005 0.2825 0.0000
vt 0.0005 0.2256 0.0000
vt 0.9954 0.2829 0.0000
vt 0.9954 0.2264 0.0000
vt 0.0465 0.3795 0.0000
vt 0.0229 0.3305 0.0000
vt 0.0370 0.3855 0.0000
vt 0.0123 0.3342 0.0000
vt 0.9579 0.3902 0.0000
vt 0.9825 0.3392 0.0000
vt 0.1205 0.4529 0.0000
vt 0.0780 0.4189 0.0000
vt 0.1145 0.4624 0.0000
vt 0.0700 0.4269 0.0000
vt 0.8776 0.4706 0.0000
vt 0.9218 0.4353 0.0000
vt 0.2190 0.4869 0.0000
vt 0.1660 0.4748 0.0000
vt 0.2177 0.4981 0.0000
vt 0.1622 0.4854 0.0000
vt 0.7703 0.5081 0.0000
vt 0.8255 0.4956 0.0000
vt 0.7189 0.7186 0.0000
vt 0.7228 0.7183 0.0000
vt 0.7332 0.9853 0.0000
vt 0.7293 0.9856 0.0000
vt 0.7267 0.7177 0.0000
vt 0.7370 0.9847 0.0000
vt 0.7305 0.7169 0.0000
vt 0.7409 0.9839 0.0000
vt 0.7344 0.7161 0.0000
vt 0.7447 0.9831 0.0000
vt 0.7382 0.7154 0.0000
vt 0.7485 0.9823 0.0000
vt 0.7421 0.7148 0.0000
vt 0.7524 0.9818 0.0000
vt 0.7460 0.7145 0.0000
vt 0.7563 0.9815 0.0000
vt 0.7499 0.7145 0.0000
vt 0.7602 0.9815 0.0000
vt 0.7538 0.7148 0.0000
vt 0.7641 0.9817 0.0000
vt 0.6994 0.7168 0.0000
vt 0.7033 0.7173 0.0000
vt 0.7137 0.9843 0.0000
vt 0.7098 0.9838 0.0000
vt 0.7072 0.7178 0.0000
vt 0.7175 0.9848 0.0000
vt 0.7111 0.7183 0.0000
vt 0.7214 0.9853 0.0000
vt 0.7150 0.7186 0.0000
vt 0.7253 0.9856 0.0000
vt 0.9432 0.7164 0.0000
vt 0.9535 0.9834 0.0000
vt 0.9496 0.9834 0.0000
vt 0.9393 0.7164 0.0000
vt 0.9457 0.9831 0.0000
vt 0.9354 0.7162 0.0000
vt 0.9418 0.9827 0.0000
vt 0.9315 0.7157 0.0000
vt 0.9379 0.9821 0.0000
vt 0.9276 0.7152 0.0000
vt 0.9340 0.9817 0.0000
vt 0.9237 0.7147 0.0000
vt 0.9781 0.7126 0.0000
vt 0.9885 0.9796 0.0000
vt 0.9845 0.9793 0.0000
vt 0.9742 0.7123 0.0000
vt 0.9806 0.9793 0.0000
vt 0.9703 0.7123 0.0000
vt 0.9767 0.9796 0.0000
vt 0.9664 0.7126 0.0000
vt 0.9728 0.9802 0.0000
vt 0.9625 0.7132 0.0000
vt 0.9690 0.9809 0.0000
vt 0.9587 0.7140 0.0000
vt 0.9652 0.9818 0.0000
vt 0.9548 0.7148 0.0000
vt 0.9613 0.9825 0.0000
vt 0.9510 0.7156 0.0000
vt 0.9574 0.9831 0.0000
vt 0.9471 0.7161 0.0000
vt 0.8679 0.7196 0.0000
vt 0.8718 0.7193 0.0000
vt 0.8811 0.9863 0.0000
vt 0.8772 0.9866 0.0000
vt 0.8757 0.7187 0.0000
vt 0.8850 0.9857 0.0000
vt 0.8795 0.7180 0.0000
vt 0.8888 0.9850 0.0000
vt 0.8833 0.7172 0.0000
vt 0.8927 0.9842 0.0000
vt 0.8872 0.7164 0.0000
vt 0.8965 0.9834 0.0000
vt 0.8911 0.7158 0.0000
vt 0.9004 0.9829 0.0000
vt 0.8950 0.7156 0.0000
vt 0.9043 0.9826 0.0000
vt 0.8989 0.7156 0.0000
vt 0.9082 0.9826 0.0000
vt 0.9028 0.7159 0.0000
vt 0.9121 0.9829 0.0000
vt 0.8484 0.7177 0.0000
vt 0.8523 0.7182 0.0000
vt 0.8616 0.9852 0.0000
vt 0.8577 0.9848 0.0000
vt 0.8562 0.7188 0.0000
vt 0.8655 0.9858 0.0000
vt 0.8601 0.7193 0.0000
vt 0.8694 0.9863 0.0000
vt 0.8640 0.7195 0.0000
vt 0.8733 0.9866 0.0000
vt 0.7918 0.7217 0.0000
vt 0.8011 0.9887 0.0000
vt 0.7972 0.9887 0.0000
vt 0.7879 0.7217 0.0000
vt 0.7933 0.9884 0.0000
vt 0.7840 0.7214 0.0000
vt 0.7894 0.9879 0.0000
vt 0.7801 0.7209 0.0000
vt 0.7855 0.9874 0.0000
vt 0.7762 0.7204 0.0000
vt 0.7816 0.9869 0.0000
vt 0.7723 0.7199 0.0000
vt 0.8267 0.7180 0.0000
vt 0.8360 0.9850 0.0000
vt 0.8321 0.9847 0.0000
vt 0.8228 0.7177 0.0000
vt 0.8282 0.9847 0.0000
vt 0.8189 0.7177 0.0000
vt 0.8243 0.9850 0.0000
vt 0.8150 0.7180 0.0000
vt 0.8204 0.9856 0.0000
vt 0.8111 0.7185 0.0000
vt 0.8166 0.9863 0.0000
vt 0.8073 0.7193 0.0000
vt 0.8127 0.9871 0.0000
vt 0.8034 0.7201 0.0000
vt 0.8089 0.9879 0.0000
vt 0.7996 0.7209 0.0000
vt 0.8050 0.9884 0.0000
vt 0.7957 0.7214 0.0000
vt 0.1520 0.9139 0.0000
vt 0.1693 0.9099 0.0000
vt 0.1863 0.9897 0.0000
vt 0.1721 0.9930 0.0000
vt 0.1796 0.9048 0.0000
vt 0.1932 0.8934 0.0000
vt 0.2442 0.9570 0.0000
vt 0.2331 0.9663 0.0000
vt 0.1998 0.8849 0.0000
vt 0.2073 0.8688 0.0000
vt 0.2804 0.9050 0.0000
vt 0.2742 0.9182 0.0000
vt 0.2096 0.8583 0.0000
vt 0.2096 0.8406 0.0000
vt 0.2911 0.8422 0.0000
vt 0.2911 0.8567 0.0000
vt 0.2068 0.8292 0.0000
vt 0.1987 0.8133 0.0000
vt 0.2721 0.7777 0.0000
vt 0.2787 0.7906 0.0000
vt 0.1920 0.8051 0.0000
vt 0.1780 0.7941 0.0000
vt 0.2296 0.7310 0.0000
vt 0.2410 0.7400 0.0000
vt 0.1676 0.7893 0.0000
vt 0.1502 0.7858 0.0000
vt 0.1679 0.7062 0.0000
vt 0.1822 0.7091 0.0000
vt 0.1396 0.7860 0.0000
vt 0.1223 0.7900 0.0000
vt 0.1055 0.7102 0.0000
vt 0.1196 0.7069 0.0000
vt 0.1121 0.7951 0.0000
vt 0.0984 0.8065 0.0000
vt 0.0475 0.7427 0.0000
vt 0.0587 0.7335 0.0000
vt 0.0918 0.8150 0.0000
vt 0.0843 0.8311 0.0000
vt 0.0112 0.7949 0.0000
vt 0.0174 0.7818 0.0000
vt 0.0820 0.8415 0.0000
vt 0.0820 0.8593 0.0000
vt 0.0005 0.8577 0.0000
vt 0.0005 0.8432 0.0000
vt 0.0847 0.8705 0.0000
vt 0.0927 0.8864 0.0000
vt 0.0189 0.9212 0.0000
vt 0.0125 0.9082 0.0000
vt 0.0998 0.8950 0.0000
vt 0.1139 0.9058 0.0000
vt 0.0628 0.9694 0.0000
vt 0.0513 0.9605 0.0000
vt 0.1237 0.9103 0.0000
vt 0.1410 0.9141 0.0000
vt 0.1219 0.9934 0.0000
vt 0.1077 0.9903 0.0000
vt 0.5225 0.8480 0.0000
vt 0.5246 0.8575 0.0000
vt 0.5224 0.8670 0.0000
vt 0.5163 0.8746 0.0000
vt 0.5076 0.8788 0.0000
vt 0.4979 0.8788 0.0000
vt 0.4891 0.8746 0.0000
vt 0.4831 0.8670 0.0000
vt 0.4809 0.8575 0.0000
vt 0.4831 0.8480 0.0000
vt 0.4891 0.8404 0.0000
vt 0.4979 0.8362 0.0000
vt 0.5076 0.8362 0.0000
vt 0.5164 0.8404 0.0000
vt 0.1554 0.8692 0.0000
vt 0.1583 0.8750 0.0000
vt 0.1462 0.8779 0.0000
vt 0.1461 0.8715 0.0000
vt 0.1628 0.8631 0.0000
vt 0.1680 0.8671 0.0000
vt 0.1669 0.8544 0.0000
vt 0.1732 0.8558 0.0000
vt 0.1668 0.8448 0.0000
vt 0.1731 0.8433 0.0000
vt 0.1625 0.8363 0.0000
vt 0.1675 0.8322 0.0000
vt 0.1549 0.8304 0.0000
vt 0.1576 0.8245 0.0000
vt 0.1455 0.8284 0.0000
vt 0.1454 0.8219 0.0000
vt 0.1362 0.8307 0.0000
vt 0.1333 0.8249 0.0000
vt 0.1288 0.8368 0.0000
vt 0.1237 0.8328 0.0000
vt 0.1247 0.8455 0.0000
vt 0.1184 0.8441 0.0000
vt 0.1248 0.8551 0.0000
vt 0.1185 0.8566 0.0000
vt 0.1291 0.8636 0.0000
vt 0.1241 0.8677 0.0000
vt 0.1367 0.8695 0.0000
vt 0.1340 0.8753 0.0000
vt 0.1612 0.8807 0.0000
vt 0.1463 0.8843 0.0000
vt 0.1636 0.8882 0.0000
vt 0.1475 0.8920 0.0000
vt 0.1663 0.8977 0.0000
vt 0.1493 0.9017 0.0000
vt 0.1730 0.8710 0.0000
vt 0.1784 0.8766 0.0000
vt 0.1657 0.8871 0.0000
vt 0.1851 0.8839 0.0000
vt 0.1717 0.8951 0.0000
vt 0.1794 0.8571 0.0000
vt 0.1867 0.8599 0.0000
vt 0.1797 0.8748 0.0000
vt 0.1959 0.8636 0.0000
vt 0.1885 0.8795 0.0000
vt 0.1794 0.8418 0.0000
vt 0.1872 0.8412 0.0000
vt 0.1872 0.8577 0.0000
vt 0.1971 0.8407 0.0000
vt 0.1971 0.8582 0.0000
vt 0.1724 0.8281 0.0000
vt 0.1791 0.8241 0.0000
vt 0.1865 0.8388 0.0000
vt 0.1877 0.8192 0.0000
vt 0.1956 0.8347 0.0000
vt 0.1603 0.8187 0.0000
vt 0.1646 0.8122 0.0000
vt 0.1777 0.8224 0.0000
vt 0.1704 0.8041 0.0000
vt 0.1841 0.8148 0.0000
vt 0.1453 0.8156 0.0000
vt 0.1463 0.8079 0.0000
vt 0.1625 0.8112 0.0000
vt 0.1478 0.7981 0.0000
vt 0.1649 0.8016 0.0000
vt 0.1304 0.8191 0.0000
vt 0.1281 0.8117 0.0000
vt 0.1441 0.8079 0.0000
vt 0.1253 0.8021 0.0000
vt 0.1423 0.7982 0.0000
vt 0.1186 0.8289 0.0000
vt 0.1132 0.8233 0.0000
vt 0.1259 0.8128 0.0000
vt 0.1065 0.8160 0.0000
vt 0.1200 0.8048 0.0000
vt 0.1122 0.8428 0.0000
vt 0.1049 0.8400 0.0000
vt 0.1119 0.8251 0.0000
vt 0.0957 0.8362 0.0000
vt 0.1031 0.8204 0.0000
vt 0.1123 0.8581 0.0000
vt 0.1045 0.8587 0.0000
vt 0.1045 0.8422 0.0000
vt 0.0945 0.8592 0.0000
vt 0.0945 0.8417 0.0000
vt 0.1192 0.8718 0.0000
vt 0.1125 0.8758 0.0000
vt 0.1051 0.8610 0.0000
vt 0.1038 0.8807 0.0000
vt 0.0960 0.8650 0.0000
vt 0.1313 0.8811 0.0000
vt 0.1271 0.8876 0.0000
vt 0.1140 0.8776 0.0000
vt 0.1214 0.8958 0.0000
vt 0.1075 0.8852 0.0000
vt 0.1452 0.8921 0.0000
vt 0.1291 0.8886 0.0000
vt 0.1436 0.9019 0.0000
vt 0.1265 0.8981 0.0000
vt 0.3229 0.8821 0.0000
vt 0.3088 0.8789 0.0000
vt 0.3092 0.8781 0.0000
vt 0.3229 0.8812 0.0000
vt 0.2974 0.8698 0.0000
vt 0.2981 0.8693 0.0000
vt 0.2920 0.8565 0.0000
vt 0.2920 0.8424 0.0000
vt 0.2974 0.8291 0.0000
vt 0.2981 0.8296 0.0000
vt 0.3088 0.8200 0.0000
vt 0.3092 0.8208 0.0000
vt 0.3229 0.8168 0.0000
vt 0.3229 0.8177 0.0000
vt 0.3371 0.8200 0.0000
vt 0.3367 0.8208 0.0000
vt 0.3485 0.8291 0.0000
vt 0.3478 0.8296 0.0000
vt 0.3548 0.8422 0.0000
vt 0.3539 0.8424 0.0000
vt 0.3548 0.8567 0.0000
vt 0.3539 0.8565 0.0000
vt 0.3485 0.8698 0.0000
vt 0.3478 0.8693 0.0000
vt 0.3371 0.8789 0.0000
vt 0.3367 0.8781 0.0000
vt 0.6397 0.8818 0.0000
vt 0.6366 0.8955 0.0000
vt 0.5633 0.8800 0.0000
vt 0.5670 0.8639 0.0000
vt 0.6150 0.9397 0.0000
vt 0.6061 0.9506 0.0000
vt 0.5474 0.9041 0.0000
vt 0.5578 0.8913 0.0000
vt 0.5687 0.9800 0.0000
vt 0.5559 0.9860 0.0000
vt 0.5229 0.9188 0.0000
vt 0.5377 0.9118 0.0000
vt 0.5088 0.9965 0.0000
vt 0.4947 0.9963 0.0000
vt 0.4943 0.9214 0.0000
vt 0.5107 0.9216 0.0000
vt 0.4492 0.9859 0.0000
vt 0.4364 0.9798 0.0000
vt 0.4675 0.9117 0.0000
vt 0.4824 0.9187 0.0000
vt 0.3979 0.9489 0.0000
vt 0.3892 0.9378 0.0000
vt 0.4474 0.8908 0.0000
vt 0.4576 0.9037 0.0000
vt 0.3687 0.8945 0.0000
vt 0.3656 0.8807 0.0000
vt 0.4385 0.8634 0.0000
vt 0.4421 0.8795 0.0000
vt 0.3658 0.8332 0.0000
vt 0.3690 0.8195 0.0000
vt 0.4422 0.8352 0.0000
vt 0.4385 0.8512 0.0000
vt 0.3897 0.7765 0.0000
vt 0.3984 0.7654 0.0000
vt 0.4578 0.8111 0.0000
vt 0.4476 0.8240 0.0000
vt 0.4369 0.7349 0.0000
vt 0.4496 0.7289 0.0000
vt 0.4826 0.7962 0.0000
vt 0.4677 0.8032 0.0000
vt 0.4962 0.7185 0.0000
vt 0.5103 0.7186 0.0000
vt 0.5111 0.7935 0.0000
vt 0.4946 0.7934 0.0000
vt 0.5566 0.7291 0.0000
vt 0.5693 0.7352 0.0000
vt 0.5378 0.8032 0.0000
vt 0.5230 0.7961 0.0000
vt 0.6100 0.7627 0.0000
vt 0.6191 0.7741 0.0000
vt 0.5591 0.8236 0.0000
vt 0.5484 0.8102 0.0000
vt 0.6370 0.8209 0.0000
vt 0.6400 0.8347 0.0000
vt 0.5671 0.8518 0.0000
vt 0.5636 0.8357 0.0000
vt 0.5318 0.8576 0.0000
vt 0.5289 0.8702 0.0000
vt 0.5208 0.8802 0.0000
vt 0.5091 0.8858 0.0000
vt 0.4962 0.8858 0.0000
vt 0.4846 0.8802 0.0000
vt 0.4766 0.8701 0.0000
vt 0.4738 0.8575 0.0000
vt 0.4766 0.8449 0.0000
vt 0.4847 0.8348 0.0000
vt 0.4963 0.8292 0.0000
vt 0.5092 0.8292 0.0000
vt 0.5209 0.8348 0.0000
vt 0.5290 0.8449 0.0000
vt 0.5385 0.8577 0.0000
vt 0.5349 0.8731 0.0000
vt 0.5453 0.8593 0.0000
vt 0.5418 0.8747 0.0000
vt 0.5548 0.8613 0.0000
vt 0.5512 0.8770 0.0000
vt 0.5249 0.8855 0.0000
vt 0.5404 0.8776 0.0000
vt 0.5304 0.8899 0.0000
vt 0.5480 0.8836 0.0000
vt 0.5378 0.8961 0.0000
vt 0.5106 0.8923 0.0000
vt 0.5279 0.8919 0.0000
vt 0.5137 0.8986 0.0000
vt 0.5322 0.9006 0.0000
vt 0.5177 0.9075 0.0000
vt 0.4947 0.8923 0.0000
vt 0.5105 0.8994 0.0000
vt 0.4947 0.8993 0.0000
vt 0.5106 0.9091 0.0000
vt 0.4945 0.9090 0.0000
vt 0.4804 0.8854 0.0000
vt 0.4916 0.8986 0.0000
vt 0.4774 0.8918 0.0000
vt 0.4876 0.9074 0.0000
vt 0.4730 0.9005 0.0000
vt 0.4705 0.8729 0.0000
vt 0.4748 0.8897 0.0000
vt 0.4650 0.8773 0.0000
vt 0.4673 0.8959 0.0000
vt 0.4573 0.8832 0.0000
vt 0.4671 0.8574 0.0000
vt 0.4636 0.8744 0.0000
vt 0.4602 0.8590 0.0000
vt 0.4542 0.8767 0.0000
vt 0.4507 0.8609 0.0000
vt 0.4706 0.8420 0.0000
vt 0.4602 0.8558 0.0000
vt 0.4637 0.8404 0.0000
vt 0.4507 0.8538 0.0000
vt 0.4543 0.8381 0.0000
vt 0.4805 0.8295 0.0000
vt 0.4651 0.8375 0.0000
vt 0.4750 0.8252 0.0000
vt 0.4574 0.8316 0.0000
vt 0.4675 0.8190 0.0000
vt 0.4948 0.8226 0.0000
vt 0.4775 0.8231 0.0000
vt 0.4917 0.8163 0.0000
vt 0.4732 0.8144 0.0000
vt 0.4877 0.8075 0.0000
vt 0.5107 0.8226 0.0000
vt 0.4948 0.8156 0.0000
vt 0.5106 0.8156 0.0000
vt 0.4947 0.8059 0.0000
vt 0.5108 0.8059 0.0000
vt 0.5251 0.8295 0.0000
vt 0.5137 0.8163 0.0000
vt 0.5280 0.8230 0.0000
vt 0.5177 0.8074 0.0000
vt 0.5323 0.8144 0.0000
vt 0.5351 0.8421 0.0000
vt 0.5307 0.8248 0.0000
vt 0.5409 0.8376 0.0000
vt 0.5384 0.8184 0.0000
vt 0.5489 0.8315 0.0000
vt 0.5420 0.8407 0.0000
vt 0.5453 0.8562 0.0000
vt 0.5515 0.8385 0.0000
vt 0.5549 0.8543 0.0000
vt 0.2942 0.5783 0.0000
vt 0.3039 0.5661 0.0000
vt 0.3179 0.5593 0.0000
vt 0.3334 0.5593 0.0000
vt 0.3474 0.5661 0.0000
vt 0.3571 0.5783 0.0000
vt 0.3606 0.5934 0.0000
vt 0.3571 0.6085 0.0000
vt 0.3474 0.6207 0.0000
vt 0.3334 0.6275 0.0000
vt 0.3179 0.6275 0.0000
vt 0.3039 0.6207 0.0000
vt 0.2942 0.6085 0.0000
vt 0.2908 0.5934 0.0000
vt 0.2828 0.5940 0.0000
vt 0.2868 0.6114 0.0000
vt 0.2730 0.6145 0.0000
vt 0.2691 0.5972 0.0000
vt 0.2873 0.6126 0.0000
vt 0.2984 0.6265 0.0000
vt 0.2874 0.6353 0.0000
vt 0.2763 0.6213 0.0000
vt 0.2994 0.6273 0.0000
vt 0.3155 0.6351 0.0000
vt 0.3093 0.6478 0.0000
vt 0.2933 0.6400 0.0000
vt 0.3168 0.6354 0.0000
vt 0.3346 0.6354 0.0000
vt 0.3346 0.6495 0.0000
vt 0.3168 0.6495 0.0000
vt 0.3359 0.6351 0.0000
vt 0.3519 0.6273 0.0000
vt 0.3580 0.6400 0.0000
vt 0.3420 0.6478 0.0000
vt 0.3529 0.6265 0.0000
vt 0.3640 0.6126 0.0000
vt 0.3750 0.6213 0.0000
vt 0.3639 0.6353 0.0000
vt 0.3645 0.6114 0.0000
vt 0.3685 0.5940 0.0000
vt 0.3822 0.5972 0.0000
vt 0.3783 0.6145 0.0000
vt 0.3685 0.5927 0.0000
vt 0.3645 0.5754 0.0000
vt 0.3783 0.5723 0.0000
vt 0.3822 0.5896 0.0000
vt 0.3640 0.5742 0.0000
vt 0.3529 0.5603 0.0000
vt 0.3639 0.5515 0.0000
vt 0.3750 0.5654 0.0000
vt 0.3519 0.5595 0.0000
vt 0.3358 0.5517 0.0000
vt 0.3420 0.5390 0.0000
vt 0.3580 0.5468 0.0000
vt 0.3346 0.5514 0.0000
vt 0.3168 0.5514 0.0000
vt 0.3168 0.5373 0.0000
vt 0.3346 0.5373 0.0000
vt 0.3155 0.5517 0.0000
vt 0.2994 0.5595 0.0000
vt 0.2933 0.5468 0.0000
vt 0.3093 0.5390 0.0000
vt 0.2984 0.5603 0.0000
vt 0.2873 0.5742 0.0000
vt 0.2763 0.5655 0.0000
vt 0.2874 0.5515 0.0000
vt 0.2868 0.5754 0.0000
vt 0.2828 0.5928 0.0000
vt 0.2691 0.5896 0.0000
vt 0.2730 0.5723 0.0000
vt 0.4790 0.5819 0.0000
vt 0.4824 0.5967 0.0000
vt 0.4790 0.6115 0.0000
vt 0.4696 0.6233 0.0000
vt 0.4559 0.6299 0.0000
vt 0.4407 0.6299 0.0000
vt 0.4271 0.6233 0.0000
vt 0.4177 0.6115 0.0000
vt 0.4143 0.5967 0.0000
vt 0.4177 0.5819 0.0000
vt 0.4271 0.5700 0.0000
vt 0.4407 0.5634 0.0000
vt 0.4559 0.5634 0.0000
vt 0.4696 0.5700 0.0000
vt 0.2856 0.6886 0.0000
vt 0.2896 0.6712 0.0000
vt 0.2904 0.6716 0.0000
vt 0.2865 0.6886 0.0000
vt 0.3007 0.6573 0.0000
vt 0.3012 0.6579 0.0000
vt 0.3169 0.6504 0.0000
vt 0.3344 0.6504 0.0000
vt 0.3506 0.6573 0.0000
vt 0.3501 0.6579 0.0000
vt 0.3617 0.6712 0.0000
vt 0.3609 0.6716 0.0000
vt 0.3657 0.6886 0.0000
vt 0.3648 0.6886 0.0000
vt 0.3617 0.7059 0.0000
vt 0.3609 0.7055 0.0000
vt 0.3506 0.7198 0.0000
vt 0.3501 0.7192 0.0000
vt 0.3346 0.7276 0.0000
vt 0.3344 0.7267 0.0000
vt 0.3168 0.7276 0.0000
vt 0.3169 0.7267 0.0000
vt 0.3007 0.7198 0.0000
vt 0.3012 0.7192 0.0000
vt 0.2896 0.7059 0.0000
vt 0.2904 0.7055 0.0000
vt 0.5024 0.6001 0.0000
vt 0.4985 0.6171 0.0000
vt 0.4865 0.6143 0.0000
vt 0.4903 0.5973 0.0000
vt 0.4956 0.6232 0.0000
vt 0.4847 0.6369 0.0000
vt 0.4750 0.6291 0.0000
vt 0.4859 0.6155 0.0000
vt 0.4794 0.6411 0.0000
vt 0.4637 0.6487 0.0000
vt 0.4583 0.6375 0.0000
vt 0.4740 0.6299 0.0000
vt 0.4571 0.6502 0.0000
vt 0.4396 0.6502 0.0000
vt 0.4396 0.6378 0.0000
vt 0.4571 0.6378 0.0000
vt 0.4329 0.6487 0.0000
vt 0.4172 0.6411 0.0000
vt 0.4226 0.6299 0.0000
vt 0.4383 0.6375 0.0000
vt 0.4119 0.6369 0.0000
vt 0.4011 0.6232 0.0000
vt 0.4108 0.6155 0.0000
vt 0.4216 0.6291 0.0000
vt 0.3981 0.6171 0.0000
vt 0.3943 0.6001 0.0000
vt 0.4063 0.5973 0.0000
vt 0.4102 0.6143 0.0000
vt 0.3943 0.5933 0.0000
vt 0.3981 0.5763 0.0000
vt 0.4102 0.5791 0.0000
vt 0.4063 0.5960 0.0000
vt 0.4011 0.5702 0.0000
vt 0.4119 0.5565 0.0000
vt 0.4216 0.5642 0.0000
vt 0.4108 0.5779 0.0000
vt 0.4172 0.5523 0.0000
vt 0.4329 0.5447 0.0000
vt 0.4383 0.5559 0.0000
vt 0.4226 0.5634 0.0000
vt 0.4396 0.5432 0.0000
vt 0.4570 0.5432 0.0000
vt 0.4570 0.5556 0.0000
vt 0.4396 0.5556 0.0000
vt 0.4637 0.5447 0.0000
vt 0.4794 0.5523 0.0000
vt 0.4740 0.5634 0.0000
vt 0.4583 0.5558 0.0000
vt 0.4847 0.5565 0.0000
vt 0.4956 0.5702 0.0000
vt 0.4859 0.5779 0.0000
vt 0.4750 0.5642 0.0000
vt 0.4985 0.5763 0.0000
vt 0.5024 0.5933 0.0000
vt 0.4903 0.5960 0.0000
vt 0.4865 0.5790 0.0000
vt 0.2922 0.6095 0.0000
vt 0.2886 0.5934 0.0000
vt 0.3025 0.6224 0.0000
vt 0.3174 0.6296 0.0000
vt 0.3339 0.6296 0.0000
vt 0.3488 0.6224 0.0000
vt 0.3591 0.6095 0.0000
vt 0.3628 0.5934 0.0000
vt 0.3591 0.5773 0.0000
vt 0.3488 0.5644 0.0000
vt 0.3339 0.5572 0.0000
vt 0.3174 0.5572 0.0000
vt 0.3025 0.5644 0.0000
vt 0.2922 0.5773 0.0000
vt 0.4846 0.5967 0.0000
vt 0.4810 0.6124 0.0000
vt 0.4710 0.6251 0.0000
vt 0.4564 0.6321 0.0000
vt 0.4403 0.6321 0.0000
vt 0.4257 0.6251 0.0000
vt 0.4157 0.6124 0.0000
vt 0.4121 0.5967 0.0000
vt 0.4157 0.5810 0.0000
vt 0.4257 0.5683 0.0000
vt 0.4403 0.5613 0.0000
vt 0.4564 0.5613 0.0000
vt 0.4710 0.5683 0.0000
vt 0.4810 0.5810 0.0000
vt 0.2906 0.6103 0.0000
vt 0.2868 0.5934 0.0000
vt 0.2889 0.6109 0.0000
vt 0.2850 0.5936 0.0000
vt 0.3014 0.6238 0.0000
vt 0.3001 0.6251 0.0000
vt 0.2891 0.6113 0.0000
vt 0.3170 0.6314 0.0000
vt 0.3164 0.6331 0.0000
vt 0.3005 0.6254 0.0000
vt 0.3343 0.6314 0.0000
vt 0.3345 0.6332 0.0000
vt 0.3168 0.6332 0.0000
vt 0.3499 0.6238 0.0000
vt 0.3509 0.6254 0.0000
vt 0.3350 0.6331 0.0000
vt 0.3607 0.6103 0.0000
vt 0.3622 0.6113 0.0000
vt 0.3512 0.6251 0.0000
vt 0.3646 0.5934 0.0000
vt 0.3664 0.5936 0.0000
vt 0.3624 0.6109 0.0000
vt 0.3607 0.5765 0.0000
vt 0.3624 0.5759 0.0000
vt 0.3664 0.5932 0.0000
vt 0.3499 0.5629 0.0000
vt 0.3512 0.5617 0.0000
vt 0.3622 0.5755 0.0000
vt 0.3343 0.5554 0.0000
vt 0.3350 0.5537 0.0000
vt 0.3509 0.5614 0.0000
vt 0.3170 0.5554 0.0000
vt 0.3168 0.5536 0.0000
vt 0.3345 0.5536 0.0000
vt 0.3014 0.5630 0.0000
vt 0.3005 0.5614 0.0000
vt 0.3164 0.5537 0.0000
vt 0.2906 0.5765 0.0000
vt 0.2891 0.5755 0.0000
vt 0.3001 0.5617 0.0000
vt 0.2850 0.5932 0.0000
vt 0.2889 0.5759 0.0000
vt 0.4864 0.5967 0.0000
vt 0.4826 0.6132 0.0000
vt 0.4882 0.5969 0.0000
vt 0.4843 0.6138 0.0000
vt 0.4721 0.6265 0.0000
vt 0.4841 0.6142 0.0000
vt 0.4734 0.6277 0.0000
vt 0.4568 0.6338 0.0000
vt 0.4730 0.6280 0.0000
vt 0.4574 0.6355 0.0000
vt 0.4399 0.6338 0.0000
vt 0.4570 0.6356 0.0000
vt 0.4397 0.6356 0.0000
vt 0.4246 0.6265 0.0000
vt 0.4392 0.6355 0.0000
vt 0.4237 0.6280 0.0000
vt 0.4140 0.6132 0.0000
vt 0.4233 0.6277 0.0000
vt 0.4125 0.6142 0.0000
vt 0.4103 0.5967 0.0000
vt 0.4123 0.6138 0.0000
vt 0.4085 0.5969 0.0000
vt 0.4140 0.5802 0.0000
vt 0.4085 0.5965 0.0000
vt 0.4123 0.5796 0.0000
vt 0.4246 0.5669 0.0000
vt 0.4125 0.5792 0.0000
vt 0.4233 0.5657 0.0000
vt 0.4399 0.5595 0.0000
vt 0.4237 0.5654 0.0000
vt 0.4392 0.5578 0.0000
vt 0.4568 0.5595 0.0000
vt 0.4397 0.5577 0.0000
vt 0.4570 0.5577 0.0000
vt 0.4721 0.5669 0.0000
vt 0.4574 0.5578 0.0000
vt 0.4730 0.5654 0.0000
vt 0.4826 0.5802 0.0000
vt 0.4734 0.5657 0.0000
vt 0.4841 0.5792 0.0000
vt 0.4843 0.5796 0.0000
vt 0.4882 0.5965 0.0000
# 926 texture coords

o Big_Round_Table
g Big_Round_Table
usemtl 02___Default
s 1
f 1/1/1 2/2/2 3/3/3 4/4/4 5/5/5 6/6/6 7/7/7 8/8/8 9/9/9 10/10/10 11/11/11 12/12/12 13/13/13 14/14/14 15/15/15 16/16/16 17/17/17 18/18/18 19/19/19 20/20/20 21/21/21 22/22/22 23/23/23 24/24/24 25/25/25 26/26/26 27/27/27 28/28/28 
s 2
f 29/29/29 30/30/30 31/31/31 32/32/32 33/33/33 34/34/34 35/35/35 36/36/36 37/37/37 38/38/38 39/39/39 40/40/40 41/41/41 42/42/42 43/43/43 44/44/44 45/45/45 46/46/46 47/47/47 48/48/48 49/49/49 50/50/50 51/51/51 52/52/52 53/53/53 54/54/54 55/55/55 56/56/56 
s 1
f 26/26/26 57/57/57 58/58/58 27/27/27 
f 24/24/24 59/59/59 60/60/60 25/25/25 
f 22/22/22 61/61/61 62/62/62 23/23/23 
f 20/20/20 63/63/63 64/64/64 21/21/21 
f 18/18/18 65/65/65 66/66/66 19/19/19 
f 16/16/16 67/67/67 68/68/68 17/17/17 
f 14/14/14 69/69/69 70/70/70 15/15/15 
f 12/12/12 71/71/71 72/72/72 13/13/13 
f 10/10/10 73/73/73 74/74/74 11/11/11 
f 8/8/8 75/75/75 76/76/76 9/9/9 
f 6/6/6 77/77/77 78/78/78 7/7/7 
f 4/4/4 79/79/79 80/80/80 5/5/5 
f 2/2/2 81/81/81 82/82/82 3/3/3 
f 28/28/28 83/83/83 84/84/84 1/1/1 
s 2
f 31/31/31 85/85/85 86/86/86 32/32/32 
f 33/33/33 87/87/87 88/88/88 34/34/34 
f 35/35/35 89/89/89 90/90/90 36/36/36 
f 37/37/37 91/91/91 92/92/92 38/38/38 
f 39/39/39 93/93/93 94/94/94 40/40/40 
f 41/41/41 95/95/95 96/96/96 42/42/42 
f 43/43/43 97/97/97 98/98/98 44/44/44 
f 45/45/45 99/99/99 100/100/100 46/46/46 
f 47/47/47 101/101/101 102/102/102 48/48/48 
f 49/49/49 103/103/103 104/104/104 50/50/50 
f 51/51/51 105/105/105 106/106/106 52/52/52 
f 53/53/53 107/107/107 108/108/108 54/54/54 
f 55/55/55 109/109/109 110/110/110 56/56/56 
f 29/29/29 111/111/111 112/112/112 30/30/30 
s 1
f 57/57/57 113/113/113 114/114/114 58/58/58 
f 113/113/113 87/115/87 86/116/86 114/114/114 
s 2
f 87/117/87 33/33/33 32/32/32 86/118/86 
s 1
f 59/59/59 115/119/115 116/120/116 60/60/60 
f 115/119/115 89/121/89 88/122/88 116/120/116 
s 2
f 89/123/89 35/35/35 34/34/34 88/124/88 
s 1
f 61/61/61 117/125/117 118/126/118 62/62/62 
f 117/125/117 91/127/91 90/128/90 118/126/118 
s 2
f 91/129/91 37/37/37 36/36/36 90/130/90 
s 1
f 63/63/63 119/131/119 120/132/120 64/64/64 
f 119/131/119 93/133/93 92/134/92 120/132/120 
s 2
f 93/133/93 39/39/39 38/38/38 92/134/92 
s 1
f 65/65/65 121/135/121 122/136/122 66/66/66 
f 121/135/121 95/137/95 94/138/94 122/136/122 
s 2
f 95/139/95 41/41/41 40/40/40 94/140/94 
s 1
f 67/67/67 123/141/123 124/142/124 68/68/68 
f 123/141/123 97/143/97 96/144/96 124/142/124 
s 2
f 97/145/97 43/43/43 42/42/42 96/146/96 
s 1
f 69/69/69 125/147/125 126/148/126 70/70/70 
f 125/147/125 99/149/99 98/150/98 126/148/126 
s 2
f 99/151/99 45/45/45 44/44/44 98/152/98 
s 1
f 71/71/71 127/153/127 128/154/128 72/72/72 
f 127/153/127 101/155/101 100/156/100 128/154/128 
s 2
f 101/157/101 47/47/47 46/46/46 100/158/100 
s 1
f 73/73/73 129/159/129 130/160/130 74/74/74 
f 129/159/129 103/161/103 102/162/102 130/160/130 
s 2
f 103/163/103 49/49/49 48/48/48 102/164/102 
s 1
f 75/75/75 131/165/131 132/166/132 76/76/76 
f 131/165/131 105/167/105 104/168/104 132/166/132 
s 2
f 105/169/105 51/51/51 50/50/50 104/170/104 
s 1
f 77/77/77 133/171/133 134/172/134 78/78/78 
f 133/171/133 107/173/107 106/174/106 134/172/134 
s 2
f 107/175/107 53/53/53 52/52/52 106/176/106 
s 1
f 79/79/79 135/177/135 136/178/136 80/80/80 
f 135/177/135 109/179/109 108/180/108 136/178/136 
s 2
f 109/181/109 55/55/55 54/54/54 108/182/108 
s 1
f 81/81/81 137/183/137 138/184/138 82/82/82 
f 137/183/137 111/185/111 110/186/110 138/184/138 
s 2
f 111/187/111 29/29/29 56/56/56 110/188/110 
s 1
f 83/83/83 139/189/139 140/190/140 84/84/84 
f 139/189/139 85/191/85 112/192/112 140/190/140 
s 2
f 85/193/85 31/31/31 30/30/30 112/194/112 
s 1
f 85/191/85 139/189/139 114/114/114 86/116/86 
f 139/189/139 83/83/83 58/58/58 114/114/114 
f 83/83/83 28/28/28 27/27/27 58/58/58 
f 87/115/87 113/113/113 116/120/116 88/122/88 
f 113/113/113 57/57/57 60/60/60 116/120/116 
f 57/57/57 26/26/26 25/25/25 60/60/60 
f 89/121/89 115/119/115 118/126/118 90/128/90 
f 115/119/115 59/59/59 62/62/62 118/126/118 
f 59/59/59 24/24/24 23/23/23 62/62/62 
f 91/127/91 117/125/117 120/132/120 92/134/92 
f 117/125/117 61/61/61 64/64/64 120/132/120 
f 61/61/61 22/22/22 21/21/21 64/64/64 
f 93/133/93 119/131/119 122/136/122 94/138/94 
f 119/131/119 63/63/63 66/66/66 122/136/122 
f 63/63/63 20/20/20 19/19/19 66/66/66 
f 95/137/95 121/135/121 124/142/124 96/144/96 
f 121/135/121 65/65/65 68/68/68 124/142/124 
f 65/65/65 18/18/18 17/17/17 68/68/68 
f 97/143/97 123/141/123 126/148/126 98/150/98 
f 123/141/123 67/67/67 70/70/70 126/148/126 
f 67/67/67 16/16/16 15/15/15 70/70/70 
f 99/149/99 125/147/125 128/154/128 100/156/100 
f 125/147/125 69/69/69 72/72/72 128/154/128 
f 69/69/69 14/14/14 13/13/13 72/72/72 
f 101/155/101 127/153/127 130/160/130 102/162/102 
f 127/153/127 71/71/71 74/74/74 130/160/130 
f 71/71/71 12/12/12 11/11/11 74/74/74 
f 103/161/103 129/159/129 132/166/132 104/168/104 
f 129/159/129 73/73/73 76/76/76 132/166/132 
f 73/73/73 10/10/10 9/9/9 76/76/76 
f 105/167/105 131/165/131 134/172/134 106/174/106 
f 131/165/131 75/75/75 78/78/78 134/172/134 
f 75/75/75 8/8/8 7/7/7 78/78/78 
f 107/173/107 133/171/133 136/178/136 108/180/108 
f 133/171/133 77/77/77 80/80/80 136/178/136 
f 77/77/77 6/6/6 5/5/5 80/80/80 
f 109/179/109 135/177/135 138/184/138 110/186/110 
f 135/177/135 79/79/79 82/82/82 138/184/138 
f 79/79/79 4/4/4 3/3/3 82/82/82 
f 111/185/111 137/183/137 140/190/140 112/192/112 
f 137/183/137 81/81/81 84/84/84 140/190/140 
f 81/81/81 2/2/2 1/1/1 84/84/84 
s 8
f 141/195/141 142/196/142 143/197/143 144/198/141 
f 142/196/142 145/199/144 146/200/145 143/197/143 
f 145/199/144 147/201/146 148/202/147 146/200/145 
f 147/201/146 149/203/148 150/204/149 148/202/147 
f 149/203/148 151/205/150 152/206/151 150/204/149 
f 151/205/150 153/207/152 154/208/153 152/206/151 
f 153/207/152 155/209/154 156/210/154 154/208/153 
f 155/209/154 157/211/155 158/212/156 156/210/154 
f 157/211/155 159/213/157 160/214/158 158/212/156 
f 159/215/157 161/216/159 162/217/160 160/218/158 
f 161/216/159 163/219/161 164/220/162 162/217/160 
f 163/219/161 165/221/163 166/222/164 164/220/162 
f 165/221/163 167/223/165 168/224/166 166/222/164 
f 167/223/165 141/195/141 144/198/141 168/224/166 
f 169/225/167 170/226/167 171/227/168 172/228/169 
f 172/228/169 171/227/168 173/229/170 174/230/171 
f 174/230/171 173/229/170 175/231/172 176/232/173 
f 176/232/173 175/231/172 177/233/174 178/234/175 
f 178/234/175 177/233/174 179/235/176 180/236/177 
f 180/237/177 179/238/176 181/239/178 182/240/179 
f 182/240/179 181/239/178 183/241/180 184/242/180 
f 184/242/180 183/241/180 185/243/181 186/244/182 
f 186/244/182 185/243/181 187/245/183 188/246/184 
f 188/246/184 187/245/183 189/247/185 190/248/186 
f 190/248/186 189/247/185 191/249/187 192/250/188 
f 192/250/188 191/249/187 193/251/189 194/252/190 
f 194/252/190 193/251/189 195/253/191 196/254/192 
f 196/254/192 195/253/191 170/226/167 169/225/167 
f 197/255/193 198/256/194 199/257/195 200/258/193 
f 198/256/194 201/259/196 202/260/197 199/257/195 
f 201/259/196 203/261/198 204/262/199 202/260/197 
f 203/261/198 205/263/200 206/264/201 204/262/199 
f 205/263/200 207/265/202 208/266/203 206/264/201 
f 207/265/202 209/267/204 210/268/205 208/266/203 
f 209/267/204 211/269/206 212/270/207 210/268/205 
f 211/269/206 213/271/208 214/272/209 212/270/207 
f 213/271/208 215/273/210 216/274/211 214/272/209 
f 215/275/210 217/276/212 218/277/213 216/278/211 
f 217/276/212 219/279/214 220/280/215 218/277/213 
f 219/279/214 221/281/216 222/282/217 220/280/215 
f 221/281/216 223/283/218 224/284/219 222/282/217 
f 223/283/218 197/255/193 200/258/193 224/284/219 
f 225/285/220 226/286/220 227/287/221 228/288/222 
f 228/288/222 227/287/221 229/289/223 230/290/224 
f 230/290/224 229/289/223 231/291/225 232/292/226 
f 232/292/226 231/291/225 233/293/227 234/294/228 
f 234/294/228 233/293/227 235/295/229 236/296/230 
f 236/297/230 235/298/229 237/299/231 238/300/232 
f 238/300/232 237/299/231 239/301/233 240/302/233 
f 240/302/233 239/301/233 241/303/234 242/304/235 
f 242/304/235 241/303/234 243/305/236 244/306/237 
f 244/306/237 243/305/236 245/307/238 246/308/239 
f 246/308/239 245/307/238 247/309/240 248/310/241 
f 248/310/241 247/309/240 249/311/242 250/312/243 
f 250/312/243 249/311/242 251/313/244 252/314/245 
f 252/314/245 251/313/244 226/286/220 225/285/220 
s 1
f 253/315/246 254/316/247 255/317/248 256/318/249 
f 254/319/247 257/320/250 258/321/251 255/322/248 
f 257/323/250 259/324/252 260/325/253 258/326/251 
f 259/327/252 261/328/254 262/329/255 260/330/253 
f 261/331/254 263/332/256 264/333/257 262/334/255 
f 263/335/256 265/336/258 266/337/259 264/338/257 
f 265/339/258 267/340/260 268/341/261 266/342/259 
f 267/343/260 269/344/262 270/345/263 268/346/261 
f 269/347/262 271/348/264 272/349/265 270/350/263 
f 271/351/264 273/352/266 274/353/267 272/354/265 
f 273/355/266 275/356/268 276/357/269 274/358/267 
f 275/359/268 277/360/270 278/361/271 276/362/269 
f 277/363/270 279/364/272 280/365/273 278/366/271 
f 279/367/272 253/368/246 256/369/249 280/370/273 
f 281/371/274 282/372/275 283/373/276 284/374/277 285/375/278 286/376/279 287/377/280 288/378/281 289/379/282 290/380/283 291/381/284 292/382/285 293/383/286 294/384/287 
f 295/385/288 296/386/289 297/387/290 298/388/291 
f 299/389/292 300/390/293 296/386/289 295/385/288 
f 301/391/294 302/392/295 300/390/293 299/389/292 
f 303/393/296 304/394/297 302/392/295 301/391/294 
f 305/395/298 306/396/299 304/394/297 303/393/296 
f 307/397/300 308/398/301 306/396/299 305/395/298 
f 309/399/302 310/400/303 308/398/301 307/397/300 
f 311/401/304 312/402/305 310/400/303 309/399/302 
f 313/403/306 314/404/307 312/402/305 311/401/304 
f 315/405/308 316/406/309 314/404/307 313/403/306 
f 317/407/310 318/408/311 316/406/309 315/405/308 
f 319/409/312 320/410/313 318/408/311 317/407/310 
f 321/411/314 322/412/315 320/410/313 319/409/312 
f 298/388/291 297/387/290 322/412/315 321/411/314 
f 296/386/289 323/413/316 324/414/317 297/387/290 
f 323/413/316 325/415/318 326/416/319 324/414/317 
f 325/415/318 327/417/320 328/418/321 326/416/319 
f 327/417/320 254/316/247 253/315/246 328/418/321 
f 300/390/293 329/419/322 323/413/316 296/386/289 
f 329/419/322 330/420/323 325/421/318 323/413/316 
f 330/420/323 331/422/324 327/423/320 325/421/318 
f 331/422/324 257/320/250 254/319/247 327/423/320 
f 302/392/295 332/424/325 329/419/322 300/390/293 
f 332/424/325 333/425/326 330/426/323 329/419/322 
f 333/425/326 334/427/327 331/428/324 330/426/323 
f 334/427/327 259/324/252 257/323/250 331/428/324 
f 304/394/297 335/429/328 332/424/325 302/392/295 
f 335/429/328 336/430/329 333/431/326 332/424/325 
f 336/430/329 337/432/330 334/433/327 333/431/326 
f 337/432/330 261/328/254 259/327/252 334/433/327 
f 306/396/299 338/434/331 335/429/328 304/394/297 
f 338/434/331 339/435/332 336/436/329 335/429/328 
f 339/435/332 340/437/333 337/438/330 336/436/329 
f 340/437/333 263/332/256 261/331/254 337/438/330 
f 308/398/301 341/439/334 338/434/331 306/396/299 
f 341/439/334 342/440/335 339/441/332 338/434/331 
f 342/440/335 343/442/336 340/443/333 339/441/332 
f 343/442/336 265/336/258 263/335/256 340/443/333 
f 310/400/303 344/444/337 341/439/334 308/398/301 
f 344/444/337 345/445/338 342/446/335 341/439/334 
f 345/445/338 346/447/339 343/448/336 342/446/335 
f 346/447/339 267/340/260 265/339/258 343/448/336 
f 312/402/305 347/449/340 344/444/337 310/400/303 
f 347/449/340 348/450/341 345/451/338 344/444/337 
f 348/450/341 349/452/342 346/453/339 345/451/338 
f 349/452/342 269/344/262 267/343/260 346/453/339 
f 314/404/307 350/454/343 347/449/340 312/402/305 
f 350/454/343 351/455/344 348/456/341 347/449/340 
f 351/455/344 352/457/345 349/458/342 348/456/341 
f 352/457/345 271/348/264 269/347/262 349/458/342 
f 316/406/309 353/459/346 350/454/343 314/404/307 
f 353/459/346 354/460/347 351/461/344 350/454/343 
f 354/460/347 355/462/348 352/463/345 351/461/344 
f 355/462/348 273/352/266 271/351/264 352/463/345 
f 318/408/311 356/464/349 353/459/346 316/406/309 
f 356/464/349 357/465/350 354/466/347 353/459/346 
f 357/465/350 358/467/351 355/468/348 354/466/347 
f 358/467/351 275/356/268 273/355/266 355/468/348 
f 320/410/313 359/469/352 356/464/349 318/408/311 
f 359/469/352 360/470/353 357/471/350 356/464/349 
f 360/470/353 361/472/354 358/473/351 357/471/350 
f 361/472/354 277/360/270 275/359/268 358/473/351 
f 322/412/315 362/474/355 359/469/352 320/410/313 
f 362/474/355 363/475/356 360/476/353 359/469/352 
f 363/475/356 364/477/357 361/478/354 360/476/353 
f 364/477/357 279/364/272 277/363/270 361/478/354 
f 297/387/290 324/414/317 362/474/355 322/412/315 
f 324/414/317 326/479/319 363/480/356 362/474/355 
f 326/479/319 328/481/321 364/482/357 363/480/356 
f 328/481/321 253/368/246 279/367/272 364/482/357 
s 2
f 256/483/249 255/484/248 365/485/358 366/486/359 
f 255/484/248 258/487/251 367/488/360 365/485/358 
f 258/487/251 260/330/253 368/489/361 367/488/360 
f 260/330/253 262/329/255 369/490/362 368/489/361 
f 262/329/255 264/491/257 370/492/363 369/490/362 
f 264/491/257 266/493/259 371/494/364 370/492/363 
f 266/493/259 268/495/261 372/496/365 371/494/364 
f 268/495/261 270/497/263 373/498/366 372/496/365 
f 270/497/263 272/499/265 374/500/367 373/498/366 
f 272/499/265 274/501/267 375/502/368 374/500/367 
f 274/501/267 276/503/269 376/504/369 375/502/368 
f 276/503/269 278/505/271 377/506/370 376/504/369 
f 278/505/271 280/507/273 378/508/371 377/506/370 
f 280/507/273 256/483/249 366/486/359 378/508/371 
s 4
f 366/509/359 365/510/358 379/511/372 380/512/373 
f 365/513/358 367/514/360 381/515/374 379/516/372 
f 367/517/360 368/518/361 382/519/375 381/520/374 
f 368/521/361 369/522/362 383/523/376 382/524/375 
f 369/525/362 370/526/363 384/527/377 383/528/376 
f 370/529/363 371/530/364 385/531/378 384/532/377 
f 371/533/364 372/534/365 386/535/379 385/536/378 
f 372/537/365 373/538/366 387/539/380 386/540/379 
f 373/541/366 374/542/367 388/543/381 387/544/380 
f 374/545/367 375/546/368 389/547/382 388/548/381 
f 375/549/368 376/550/369 390/551/383 389/552/382 
f 376/553/369 377/554/370 391/555/384 390/556/383 
f 377/557/370 378/558/371 392/559/385 391/560/384 
f 378/561/371 366/562/359 380/563/373 392/564/385 
s 1
f 282/372/275 393/565/386 394/566/387 283/373/276 
f 283/373/276 394/566/387 395/567/388 284/374/277 
f 284/374/277 395/567/388 396/568/389 285/375/278 
f 285/375/278 396/568/389 397/569/390 286/376/279 
f 286/376/279 397/569/390 398/570/391 287/377/280 
f 287/377/280 398/570/391 399/571/392 288/378/281 
f 288/378/281 399/571/392 400/572/393 289/379/282 
f 289/379/282 400/572/393 401/573/394 290/380/283 
f 290/380/283 401/573/394 402/574/395 291/381/284 
f 291/381/284 402/574/395 403/575/396 292/382/285 
f 292/382/285 403/575/396 404/576/397 293/383/286 
f 293/383/286 404/576/397 405/577/398 294/384/287 
f 294/384/287 405/577/398 406/578/399 281/371/274 
f 281/371/274 406/578/399 393/565/386 282/372/275 
s 4
f 393/565/386 407/579/400 408/580/401 394/566/387 
f 407/579/400 409/581/402 410/582/403 408/580/401 
f 409/581/402 411/583/404 412/584/405 410/582/403 
f 411/583/404 380/512/373 379/511/372 412/584/405 
f 394/566/387 408/580/401 413/585/406 395/567/388 
f 408/580/401 410/586/403 414/587/407 413/585/406 
f 410/586/403 412/588/405 415/589/408 414/587/407 
f 412/588/405 379/516/372 381/515/374 415/589/408 
f 395/567/388 413/585/406 416/590/409 396/568/389 
f 413/585/406 414/591/407 417/592/410 416/590/409 
f 414/591/407 415/593/408 418/594/411 417/592/410 
f 415/593/408 381/520/374 382/519/375 418/594/411 
f 396/568/389 416/590/409 419/595/412 397/569/390 
f 416/590/409 417/596/410 420/597/413 419/595/412 
f 417/596/410 418/598/411 421/599/414 420/597/413 
f 418/598/411 382/524/375 383/523/376 421/599/414 
f 397/569/390 419/595/412 422/600/415 398/570/391 
f 419/595/412 420/601/413 423/602/416 422/600/415 
f 420/601/413 421/603/414 424/604/417 423/602/416 
f 421/603/414 383/528/376 384/527/377 424/604/417 
f 398/570/391 422/600/415 425/605/418 399/571/392 
f 422/600/415 423/606/416 426/607/419 425/605/418 
f 423/606/416 424/608/417 427/609/420 426/607/419 
f 424/608/417 384/532/377 385/531/378 427/609/420 
f 399/571/392 425/605/418 428/610/421 400/572/393 
f 425/605/418 426/611/419 429/612/422 428/610/421 
f 426/611/419 427/613/420 430/614/423 429/612/422 
f 427/613/420 385/536/378 386/535/379 430/614/423 
f 400/572/393 428/610/421 431/615/424 401/573/394 
f 428/610/421 429/616/422 432/617/425 431/615/424 
f 429/616/422 430/618/423 433/619/426 432/617/425 
f 430/618/423 386/540/379 387/539/380 433/619/426 
f 401/573/394 431/615/424 434/620/427 402/574/395 
f 431/615/424 432/621/425 435/622/428 434/620/427 
f 432/621/425 433/623/426 436/624/429 435/622/428 
f 433/623/426 387/544/380 388/543/381 436/624/429 
f 402/574/395 434/620/427 437/625/430 403/575/396 
f 434/620/427 435/626/428 438/627/431 437/625/430 
f 435/626/428 436/628/429 439/629/432 438/627/431 
f 436/628/429 388/548/381 389/547/382 439/629/432 
f 403/575/396 437/625/430 440/630/433 404/576/397 
f 437/625/430 438/631/431 441/632/434 440/630/433 
f 438/631/431 439/633/432 442/634/435 441/632/434 
f 439/633/432 389/552/382 390/551/383 442/634/435 
f 404/576/397 440/630/433 443/635/436 405/577/398 
f 440/630/433 441/636/434 444/637/437 443/635/436 
f 441/636/434 442/638/435 445/639/438 444/637/437 
f 442/638/435 390/556/383 391/555/384 445/639/438 
f 405/577/398 443/635/436 446/640/439 406/578/399 
f 443/635/436 444/641/437 447/642/440 446/640/439 
f 444/641/437 445/643/438 448/644/441 447/642/440 
f 445/643/438 391/560/384 392/559/385 448/644/441 
f 406/578/399 446/640/439 407/579/400 393/565/386 
f 446/640/439 447/645/440 409/646/402 407/579/400 
f 447/645/440 448/647/441 411/648/404 409/646/402 
f 448/647/441 392/564/385 380/563/373 411/648/404 
s 1
f 449/649/442 450/650/443 451/651/444 452/652/445 453/653/446 454/654/447 455/655/448 456/656/449 457/657/450 458/658/451 459/659/452 460/660/453 461/661/454 462/662/455 
f 463/663/456 464/664/457 465/665/458 466/666/459 
f 464/667/457 467/668/460 468/669/461 465/670/458 
f 467/671/460 469/672/462 470/673/463 468/674/461 
f 469/675/462 471/676/464 472/677/465 470/678/463 
f 471/679/464 473/680/466 474/681/467 472/682/465 
f 473/683/466 475/684/468 476/685/469 474/686/467 
f 475/687/468 477/688/470 478/689/471 476/690/469 
f 477/691/470 479/692/472 480/693/473 478/694/471 
f 479/695/472 481/696/474 482/697/475 480/698/473 
f 481/699/474 483/700/476 484/701/477 482/702/475 
f 483/703/476 485/704/478 486/705/479 484/706/477 
f 485/707/478 487/708/480 488/709/481 486/710/479 
f 487/711/480 489/712/482 490/713/483 488/714/481 
f 489/715/482 463/716/456 466/717/459 490/718/483 
f 491/719/484 492/720/485 493/721/486 494/722/487 495/723/488 496/724/489 497/725/490 498/726/491 499/727/492 500/728/493 501/729/494 502/730/495 503/731/496 504/732/497 
s 2
f 466/733/459 465/734/458 505/735/498 506/736/499 
f 465/734/458 468/737/461 507/738/500 505/735/498 
f 468/737/461 470/678/463 508/739/501 507/738/500 
f 470/678/463 472/677/465 509/740/502 508/739/501 
f 472/677/465 474/741/467 510/742/503 509/740/502 
f 474/741/467 476/743/469 511/744/504 510/742/503 
f 476/743/469 478/745/471 512/746/505 511/744/504 
f 478/745/471 480/747/473 513/748/506 512/746/505 
f 480/747/473 482/749/475 514/750/507 513/748/506 
f 482/749/475 484/751/477 515/752/508 514/750/507 
f 484/751/477 486/753/479 516/754/509 515/752/508 
f 486/753/479 488/755/481 517/756/510 516/754/509 
f 488/755/481 490/757/483 518/758/511 517/756/510 
f 490/757/483 466/733/459 506/736/499 518/758/511 
s 1
f 506/759/499 505/760/498 519/761/512 520/762/513 
f 505/763/498 507/764/500 521/765/514 519/766/512 
f 507/767/500 508/768/501 522/769/515 521/770/514 
f 508/771/501 509/772/502 523/773/516 522/774/515 
f 509/775/502 510/776/503 524/777/517 523/778/516 
f 510/779/503 511/780/504 525/781/518 524/782/517 
f 511/783/504 512/784/505 526/785/519 525/786/518 
f 512/787/505 513/788/506 527/789/520 526/790/519 
f 513/791/506 514/792/507 528/793/521 527/794/520 
f 514/795/507 515/796/508 529/797/522 528/798/521 
f 515/799/508 516/800/509 530/801/523 529/802/522 
f 516/803/509 517/804/510 531/805/524 530/806/523 
f 517/807/510 518/808/511 532/809/525 531/810/524 
f 518/811/511 506/812/499 520/813/513 532/814/525 
f 461/661/454 533/815/526 534/816/527 462/662/455 
f 460/660/453 535/817/528 533/815/526 461/661/454 
f 459/659/452 536/818/529 535/817/528 460/660/453 
f 458/658/451 537/819/530 536/818/529 459/659/452 
f 457/657/450 538/820/531 537/819/530 458/658/451 
f 456/656/449 539/821/532 538/820/531 457/657/450 
f 455/655/448 540/822/533 539/821/532 456/656/449 
f 454/654/447 541/823/534 540/822/533 455/655/448 
f 453/653/446 542/824/535 541/823/534 454/654/447 
f 452/652/445 543/825/536 542/824/535 453/653/446 
f 451/651/444 544/826/537 543/825/536 452/652/445 
f 450/650/443 545/827/538 544/826/537 451/651/444 
f 449/649/442 546/828/539 545/827/538 450/650/443 
f 462/662/455 534/816/527 546/828/539 449/649/442 
f 492/720/485 547/829/540 548/830/541 493/721/486 
f 493/721/486 548/830/541 549/831/542 494/722/487 
f 494/722/487 549/831/542 550/832/543 495/723/488 
f 495/723/488 550/832/543 551/833/544 496/724/489 
f 496/724/489 551/833/544 552/834/545 497/725/490 
f 497/725/490 552/834/545 553/835/546 498/726/491 
f 498/726/491 553/835/546 554/836/547 499/727/492 
f 499/727/492 554/836/547 555/837/548 500/728/493 
f 500/728/493 555/837/548 556/838/549 501/729/494 
f 501/729/494 556/838/549 557/839/550 502/730/495 
f 502/730/495 557/839/550 558/840/551 503/731/496 
f 503/731/496 558/840/551 559/841/552 504/732/497 
f 504/732/497 559/841/552 560/842/553 491/719/484 
f 491/719/484 560/842/553 547/829/540 492/720/485 
f 533/815/526 561/843/554 562/844/555 534/816/527 
f 561/843/554 563/845/556 564/846/557 562/844/555 
f 563/845/556 464/664/457 463/663/456 564/846/557 
f 535/817/528 565/847/558 561/843/554 533/815/526 
f 565/847/558 566/848/559 563/849/556 561/843/554 
f 566/848/559 467/668/460 464/667/457 563/849/556 
f 536/818/529 567/850/560 565/847/558 535/817/528 
f 567/850/560 568/851/561 566/852/559 565/847/558 
f 568/851/561 469/672/462 467/671/460 566/852/559 
f 537/819/530 569/853/562 567/850/560 536/818/529 
f 569/853/562 570/854/563 568/855/561 567/850/560 
f 570/854/563 471/676/464 469/675/462 568/855/561 
f 538/820/531 571/856/564 569/853/562 537/819/530 
f 571/856/564 572/857/565 570/858/563 569/853/562 
f 572/857/565 473/680/466 471/679/464 570/858/563 
f 539/821/532 573/859/566 571/856/564 538/820/531 
f 573/859/566 574/860/567 572/861/565 571/856/564 
f 574/860/567 475/684/468 473/683/466 572/861/565 
f 540/822/533 575/862/568 573/859/566 539/821/532 
f 575/862/568 576/863/569 574/864/567 573/859/566 
f 576/863/569 477/688/470 475/687/468 574/864/567 
f 541/823/534 577/865/570 575/862/568 540/822/533 
f 577/865/570 578/866/571 576/867/569 575/862/568 
f 578/866/571 479/692/472 477/691/470 576/867/569 
f 542/824/535 579/868/572 577/865/570 541/823/534 
f 579/868/572 580/869/573 578/870/571 577/865/570 
f 580/869/573 481/696/474 479/695/472 578/870/571 
f 543/825/536 581/871/574 579/868/572 542/824/535 
f 581/871/574 582/872/575 580/873/573 579/868/572 
f 582/872/575 483/700/476 481/699/474 580/873/573 
f 544/826/537 583/874/576 581/871/574 543/825/536 
f 583/874/576 584/875/577 582/876/575 581/871/574 
f 584/875/577 485/704/478 483/703/476 582/876/575 
f 545/827/538 585/877/578 583/874/576 544/826/537 
f 585/877/578 586/878/579 584/879/577 583/874/576 
f 586/878/579 487/708/480 485/707/478 584/879/577 
f 546/828/539 587/880/580 585/877/578 545/827/538 
f 587/880/580 588/881/581 586/882/579 585/877/578 
f 588/881/581 489/712/482 487/711/480 586/882/579 
f 534/816/527 562/844/555 587/880/580 546/828/539 
f 562/844/555 564/883/557 588/884/581 587/880/580 
f 564/883/557 463/716/456 489/715/482 588/884/581 
f 547/829/540 589/885/582 590/886/583 548/830/541 
f 589/885/582 591/887/584 592/888/585 590/886/583 
f 591/887/584 520/762/513 519/761/512 592/888/585 
f 548/830/541 590/886/583 593/889/586 549/831/542 
f 590/886/583 592/890/585 594/891/587 593/889/586 
f 592/890/585 519/766/512 521/765/514 594/891/587 
f 549/831/542 593/889/586 595/892/588 550/832/543 
f 593/889/586 594/893/587 596/894/589 595/892/588 
f 594/893/587 521/770/514 522/769/515 596/894/589 
f 550/832/543 595/892/588 597/895/590 551/833/544 
f 595/892/588 596/896/589 598/897/591 597/895/590 
f 596/896/589 522/774/515 523/773/516 598/897/591 
f 551/833/544 597/895/590 599/898/592 552/834/545 
f 597/895/590 598/899/591 600/900/593 599/898/592 
f 598/899/591 523/778/516 524/777/517 600/900/593 
f 552/834/545 599/898/592 601/901/594 553/835/546 
f 599/898/592 600/902/593 602/903/595 601/901/594 
f 600/902/593 524/782/517 525/781/518 602/903/595 
f 553/835/546 601/901/594 603/904/596 554/836/547 
f 601/901/594 602/905/595 604/906/597 603/904/596 
f 602/905/595 525/786/518 526/785/519 604/906/597 
f 554/836/547 603/904/596 605/907/598 555/837/548 
f 603/904/596 604/908/597 606/909/599 605/907/598 
f 604/908/597 526/790/519 527/789/520 606/909/599 
f 555/837/548 605/907/598 607/910/600 556/838/549 
f 605/907/598 606/911/599 608/912/601 607/910/600 
f 606/911/599 527/794/520 528/793/521 608/912/601 
f 556/838/549 607/910/600 609/913/602 557/839/550 
f 607/910/600 608/914/601 610/915/603 609/913/602 
f 608/914/601 528/798/521 529/797/522 610/915/603 
f 557/839/550 609/913/602 611/916/604 558/840/551 
f 609/913/602 610/917/603 612/918/605 611/916/604 
f 610/917/603 529/802/522 530/801/523 612/918/605 
f 558/840/551 611/916/604 613/919/606 559/841/552 
f 611/916/604 612/920/605 614/921/607 613/919/606 
f 612/920/605 530/806/523 531/805/524 614/921/607 
f 559/841/552 613/919/606 615/922/608 560/842/553 
f 613/919/606 614/923/607 616/924/609 615/922/608 
f 614/923/607 531/810/524 532/809/525 616/924/609 
f 560/842/553 615/922/608 589/885/582 547/829/540 
f 615/922/608 616/925/609 591/926/584 589/885/582 
f 616/925/609 532/814/525 520/813/513 591/926/584 
# 509 polygons

